14
skybox_cloud_1 16 179.0 52.0 0.85 pfx_sunny 1.8348 1.6818999999999997 1.5012 0.0 0.0 0.0 0.060235294117647054 0.0884705882352941 0.16752941176470587 300 4287406765 
skybox_cloud_1 536870928 179.0 52.0 0.85 pfx_sunny 1.8348 1.6818999999999997 1.5012 0.0 0.0 0.0 0.05396078431372549 0.07925490196078432 0.150078431372549 300 4287406765 
skybox_night_1 18 152.0 38.0 0.0 pfx_night 0.06666666666666667 0.08235294117647059 0.10588235294117647 0.0 0.0 0.0 0.01764705882352941 0.01764705882352941 0.052941176470588235 500 4279574581 
skybox_night_1 536870930 152.0 38.0 0.0 pfx_night 0.06666666666666667 0.08235294117647059 0.10588235294117647 0.0 0.0 0.0 0.01764705882352941 0.01764705882352941 0.052941176470588235 500 4279574581 
skybox_night_2 50 152.0 38.0 0.0 pfx_night 0.06666666666666667 0.08235294117647059 0.10588235294117647 0.0 0.0 0.0 0.01764705882352941 0.01764705882352941 0.052941176470588235 500 4279574581 
skybox_night_2 536870962 152.0 38.0 0.0 pfx_night 0.06666666666666667 0.08235294117647059 0.10588235294117647 0.0 0.0 0.0 0.01764705882352941 0.01764705882352941 0.052941176470588235 500 4279574581 
skybox_sunset_1 17 180.0 9.146 0.7 pfx_sunset 1.0454545454545454 0.5454545454545454 0.16818181818181818 0.0 0.0 0.0 0.06904761904761905 0.1 0.19047619047619047 150 4287197794 
skybox_sunset_1 536870929 180.0 9.146 0.7 pfx_sunset 1.0454545454545454 0.5454545454545454 0.16818181818181818 0.0 0.0 0.0 0.06904761904761905 0.1 0.19047619047619047 150 4287197794 
skybox_cloud_2 32 180.0 19.17 0.4 pfx_cloudy 0.7200000000000001 0.68 0.6000000000000001 0.0 0.0 0.0 0.12549019607843137 0.1458823529411765 0.2415686274509804 120 4284510352 
skybox_cloud_2 536870944 180.0 19.17 0.4 pfx_cloudy 0.7200000000000001 0.68 0.6000000000000001 0.0 0.0 0.0 0.12549019607843137 0.1458823529411765 0.2415686274509804 120 4284510352 
skybox_cloud_2 268435504 180.0 19.17 0.4 pfx_overcast 0.4 0.35 0.31 0.0 0.0 0.0 0.19607843137254902 0.23529411764705882 0.403921568627451 120 4284510352 
skybox_cloud_2 805306416 180.0 19.17 0.4 pfx_overcast 0.4 0.35 0.31 0.0 0.0 0.0 0.19607843137254902 0.23529411764705882 0.403921568627451 120 4284510352 
skybox_clearday 0 179.0 80.0 0.95 pfx_sunny 1.3068 1.1979 1.0692000000000002 0.0 0.0 0.0 0.060235294117647054 0.0884705882352941 0.16752941176470587 300 4287406765 
skybox_clearday 536870912 179.0 80.0 0.95 pfx_sunny 1.3068 1.1979 1.0692000000000002 0.0 0.0 0.0 0.05396078431372549 0.07925490196078432 0.150078431372549 300 4287406765 
