factionsfile version 1
33
fac_no_faction No_Faction 0 11184810 0.9 0 0 0 0 0 0 0 0 0 0 0 0 0 0 0 0 0 0 0 0 0 0 0 0 0 0 0 0 0 0 0 0 0 
fac_commoners Commoners 0 11184810 0 0.1 -0.6 0 0 0 0 0 0 0 0 0 0 0.1 0 0 0 0 0 0 0 0 0 0 0 0 0 -0.2 -0.2 -0.7 0 0 0 0 
fac_outlaws Outlaws 33280 8947848 0 -0.6 0.5 0 -0.05 -0.5 0 0 0 0 0 0 0 -0.15 -0.05 -0.05 -0.05 -0.05 -0.05 -0.05 -0.05 0 0 0 0 -0.6 0 0 0 0 0 0 0 0 
fac_neutral Neutral 0 16777215 0 0 0 0.1 0 0 0 0 0 0 0 0 0 0 0 0 0 0 0 0 0 0 0 0 0 0 0 0 0 0 0 0 0 0 
fac_innocents Innocents 1 11184810 0 0 -0.05 0 0.5 0 -0.9 0 0 0 0 0 0 0 0 0 0 0 0 0 0 0 0 0 0 0 0 0 0 0 0 0 0 0 
fac_merchants Merchants 1 11184810 0 0 -0.5 0 0 0.5 0 0 0 0 0 0 0 0 0 0 0 0 0 0 0 0 0 0 0 0 -0.5 -0.5 -0.5 0 0 0 0 0 
fac_dark_knights {!}Dark_Knights 0 11184810 0 0 0 0 -0.9 0 0.5 0 0 0 0 0 0 -0.4 0 0 0 0 0 0 0 0 0 0 0 0 0 0 0 0 0 0 0 0 
fac_culture_1 {!}culture_1 0 11184810 0 0 0 0 0 0 0 0.9 0 0 0 0 0 0 0 0 0 0 0 0 0 0 0 0 0 0 0 0 0 0 0 0 0 0 
fac_culture_2 {!}culture_2 0 11184810 0 0 0 0 0 0 0 0 0.9 0 0 0 0 0 0 0 0 0 0 0 0 0 0 0 0 0 0 0 0 0 0 0 0 0 
fac_culture_3 {!}culture_3 0 11184810 0 0 0 0 0 0 0 0 0 0.9 0 0 0 0 0 0 0 0 0 0 0 0 0 0 0 0 0 0 0 0 0 0 0 0 
fac_culture_4 {!}culture_4 0 11184810 0 0 0 0 0 0 0 0 0 0 0.9 0 0 0 0 0 0 0 0 0 0 0 0 0 0 0 0 0 0 0 0 0 0 0 
fac_culture_5 {!}culture_5 0 11184810 0 0 0 0 0 0 0 0 0 0 0 0.9 0 0 0 0 0 0 0 0 0 0 0 0 0 0 0 0 0 0 0 0 0 0 
fac_culture_6 {!}culture_6 0 11184810 0 0 0 0 0 0 0 0 0 0 0 0 0.9 0 0 0 0 0 0 0 0 0 0 0 0 0 0 0 0 0 0 0 0 0 
fac_player_faction Player_Faction 0 11184810 0 0.1 -0.15 0 0 0 -0.4 0 0 0 0 0 0 0.9 1 0 0 0 0 0 0 0 0 0 -0.3 0.1 -0.1 -0.15 -0.15 -0.5 0 -0.4 0 0 
fac_player_supporters_faction Player's_Supporters 0 16729139 0 0 -0.05 0 0 0 0 0 0 0 0 0 0 1 0.9 0 0 0 0 0 0 0 0 0 0 0 -0.02 -0.05 -0.05 0 0 -0.1 0 0 
fac_kingdom_1 Kingdom_of_Swadia 0 15628100 0 0 -0.05 0 0 0 0 0 0 0 0 0 0 0 0 0.9 0 0 0 0 0 0 0 0 -0.02 0 -0.02 -0.05 -0.05 0 0 -0.1 0 0 
fac_kingdom_2 Kingdom_of_Vaegirs 0 13417369 0 0 -0.05 0 0 0 0 0 0 0 0 0 0 0 0 0 0.9 0 0 0 0 0 0 0 -0.02 0 -0.02 -0.05 -0.05 0 0 -0.1 0 0 
fac_kingdom_3 Khergit_Khanate 0 13408767 0 0 -0.05 0 0 0 0 0 0 0 0 0 0 0 0 0 0 0.9 0 0 0 0 0 0 0 0 -0.02 -0.05 -0.05 0 0 -0.1 0 0 
fac_kingdom_4 Kingdom_of_Nords 0 3399133 0 0 -0.05 0 0 0 0 0 0 0 0 0 0 0 0 0 0 0 0.9 0 0 0 0 0 0 0 -0.02 -0.05 -0.05 0 0 -0.1 0 0 
fac_kingdom_5 Kingdom_of_Rhodoks 0 3398963 0 0 -0.05 0 0 0 0 0 0 0 0 0 0 0 0 0 0 0 0 0.9 0 0 0 0 0 0 -0.02 -0.05 -0.05 0 0 -0.1 0 0 
fac_kingdom_6 Sarranid_Sultanate 0 14540083 0 0 -0.05 0 0 0 0 0 0 0 0 0 0 0 0 0 0 0 0 0 0.9 0 0 0 0 0 -0.02 -0.05 -0.05 0 0 -0.1 0 0 
fac_kingdoms_end {!}kingdoms_end 0 11184810 0 0 0 0 0 0 0 0 0 0 0 0 0 0 0 0 0 0 0 0 0 0 0 0 0 0 0 0 0 0 0 0 0 0 
fac_robber_knights {!}robber_knights 0 11184810 0 0 0 0 0 0 0 0 0 0 0 0 0 0 0 0 0 0 0 0 0 0 0.1 0 0 0 0 0 0 0 0 0 0 0 
fac_khergits {!}Khergits 0 11184810 0 0 0 0 0 0 0 0 0 0 0 0 0 0 0 0 0 0 0 0 0 0 0 0.5 0 0 0 0 0 0 0 0 0 0 
fac_black_khergits {!}Black_Khergits 0 11184810 0 0 0 0 0 0 0 0 0 0 0 0 0 -0.3 0 -0.02 -0.02 0 0 0 0 0 0 0 0.5 0 0 0 0 0 0 0 0 0 
fac_manhunters Manhunters 0 11184810 0 0 -0.6 0 0 0 0 0 0 0 0 0 0 0.1 0 0 0 0 0 0 0 0 0 0 0 0.5 -0.6 -0.6 -0.6 0 0 0 0 0 
fac_deserters Deserters 0 8947848 0 0 0 0 0 -0.5 0 0 0 0 0 0 0 -0.1 -0.02 -0.02 -0.02 -0.02 -0.02 -0.02 -0.02 0 0 0 0 -0.6 0.5 0 0 0 0 0 0 0 
fac_mountain_bandits Mountain_Bandits 0 8947848 0 -0.2 0 0 0 -0.5 0 0 0 0 0 0 0 -0.15 -0.05 -0.05 -0.05 -0.05 -0.05 -0.05 -0.05 0 0 0 0 -0.6 0 0.5 0 0 0 0 0 0 
fac_forest_bandits Forest_Bandits 0 8947848 0 -0.2 0 0 0 -0.5 0 0 0 0 0 0 0 -0.15 -0.05 -0.05 -0.05 -0.05 -0.05 -0.05 -0.05 0 0 0 0 -0.6 0 0 0.5 0 0 0 0 0 
fac_undeads {!}Undeads 33280 11184810 0 -0.7 0 0 0 0 0 0 0 0 0 0 0 -0.5 0 0 0 0 0 0 0 0 0 0 0 0 0 0 0 0.5 0 0 0 0 
fac_slavers {!}Slavers 0 11184810 0 0 0 0 0 0 0 0 0 0 0 0 0 0 0 0 0 0 0 0 0 0 0 0 0 0 0 0 0 0 0.1 0 0 0 
fac_peasant_rebels {!}Peasant_Rebels 0 11184810 0 0 0 0 0 0 0 0 0 0 0 0 0 -0.4 -0.1 -0.1 -0.1 -0.1 -0.1 -0.1 -0.1 0 0 0 0 0 0 0 0 0 0 1 -1 0 
fac_noble_refugees {!}Noble_Refugees 0 11184810 0 0 0 0 0 0 0 0 0 0 0 0 0 0 0 0 0 0 0 0 0 0 0 0 0 0 0 0 0 0 0 -1 0.5 0 
