particle_systemsfile version 1
60
psys_game_rain 274 prtcl_rain 500 0.5 0.33 1.0 10.0 0.0 1.0 0.3 1 0.3 1.0 1.0 1 1.0 1.0 1.0 1 1.0 1.0 1.0 1 1.0 1.0 1.0 1.0 1.0 8.2 8.2 0.2 0 0 -10.0 0.0 0 0.5 
psys_game_snow 12818 prt_mesh_snow_fall_1 150 2 0.2 0.1 30 20 0.2 1 1 1 1.0 1.0 1 1.0 1.0 1.0 1 1.0 1.0 1.0 1 1.0 1.0 1.0 1.0 1.0 10 10 0.5 0 0 -5.0 1 200 0.5 
psys_game_blood 12800 prt_mesh_blood_1 500 0.65 3 0.5 0 0 0.0 0.7 0.7 0.7 0.1 0.7 1 0.7 0.1 0.7 1 0.7 0.1 0.7 1 0.7 0.0 0.015 1 0.018 0 0.05 0 0 1.0 0.3 0.9 0 0 
psys_game_blood_2 12800 prt_mesh_blood_3 2000 0.6 3 0.3 0 0 0.0 0.25 0.7 0.1 0.1 0.7 1 0.7 0.1 0.7 1 0.7 0.1 0.7 1 0.7 0.0 0.15 1 0.35 0.01 0.2 0.01 0.2 0.3 0 0.3 150 0 
psys_game_hoof_dust 78336 prt_mesh_dust_1 5 2.0 10 0.05 10.0 39.0 0.2 0.5 1 0.0 0 1 1 1 0 0.9 1 0.9 0 0.78 1 0.78 0.0 2.0 1.0 3.5 0.2 0.3 0.2 0 0 3.9 0.5 130 0.5 
psys_game_hoof_dust_snow 8704 prt_mesh_snow_dust_1 6 2 3.5 1 10.0 0.0 0.2 1 1 1 0 1 1 1 0 1 1 1 0 1 1 1 0.5 4 1.0 5.7 0.2 1 0.1 0 0 1 2 0 0 
psys_game_hoof_dust_mud 78080 prt_mesh_mud_1 5 0.7 10 3 0 0 0 1 1 1 0 0.7 1 0.7 0 0.6 1 0.6 0 0.4 1 0.4 0.0 0.2 1.0 0.22 0.15 0.5 0.1 0 0 15 6 200 0.5 
psys_game_water_splash_1 12832 prtcl_drop 20 0.85 0.25 0.9 10.0 0.0 0.3 0.5 1 0.0 1.0 1.0 1 1.0 1.0 1.0 1 1.0 1.0 1.0 1 1.0 0.0 0.3 1.0 0.18 0.3 0.2 0.1 0 1.2 2.3 0.3 50 0.5 
psys_game_water_splash_2 12832 prtcl_splash_b 30 0.4 0.7 0.5 10.0 0.0 0.3 1.0 1 0.3 1.0 1.0 1 1.0 1.0 1.0 1 1.0 1.0 1.0 1 1.0 0.0 0.25 1.0 0.7 0.4 0.3 0.1 0 1.3 1.1 0.1 50 0.5 
psys_game_water_splash_3 32 prt_mesh_water_wave_1 5 2.0 0 0.0 10.0 0.0 0.03 0.2 1 0.0 1.0 1.0 1 1.0 1.0 1.0 1 1.0 1.0 1.0 1 1.0 0.0 3 1.0 10 0.0 0.0 0.0 0 0 0 0.0 0 0.5 
psys_torch_fire 12818 prt_mesh_fire_1 50 0.35 0.2 0.03 10.0 0.0 0.5 0.8 1 0 0.5 1.0 1 0.9 0.5 0.7 1 0.3 0.5 0.2 1 0.0 0 0.15 0.4 0.3 0.04 0.04 0.01 0 0 0.5 0.0 200 0.5 
psys_fire_glow_1 530 prt_mesh_fire_2 2 0.55 0.2 0.0 10.0 0.0 0.5 0.9 1 0 0.0 0.9 1 0.9 0.0 0.7 1 0.7 0.0 0.4 1 0.4 0 2 1.0 2 0.0 0.0 0.0 0 0 0 0.0 0 0 
psys_fire_glow_fixed 528 prt_mesh_fire_2 4 100.0 0.2 0.0 10.0 0.0 -0.01 1.0 1 1.0 0.0 0.9 1 0.9 0.0 0.7 1 0.7 0.0 0.4 1 0.4 0 2 1.0 2 0.0 0.0 0.0 0 0 0 0.0 0 0 
psys_torch_smoke 530 prtcl_dust_a 15 0.5 0.2 -0.2 10.0 0.1 0.5 0.25 1 0 0.0 0.2 1 0.1 0.0 0.2 1 0.09 0.0 0.2 1 0.08 0 0.5 0.8 2.5 0.1 0.1 0.1 0 0 1.5 0.1 0.0 0.0 
psys_flue_smoke_short 12818 prtcl_dust_a 15 1.5 0.1 -0.0 10.0 12 0.0 0.3 1 0 0.0 0.2 1 0.1 0.0 0.2 1 0.09 0.0 0.2 1 0.08 0 1.5 1 7 0 0 0 0 0 1.5 0.1 150 0.8 
psys_flue_smoke_tall 12818 prtcl_dust_a 15 3 0.5 -0.0 15.0 12 0 0.35 1 0 0.0 0.3 1 0.1 0.0 0.3 1 0.1 0.0 0.3 1 0.1 0 2 1 7 0 0 0 0 0 1.5 0.1 150 0.5 
psys_war_smoke_tall 12818 prt_mesh_smoke_1 5 12 0 0 7 7 0 0.25 1 0 0.0 1 1 0.8 0.0 1 1 0.8 0.0 1 1 0.8 0 2.2 1 15 0 0 0 0 0 2.2 0.1 100 0.2 
psys_ladder_dust_6m 512 prt_mesh_smoke_1 700 0.9 0 0 7 7 0 0.25 1 0 0.0 1 1 0.8 0.0 1 1 0.8 0.0 1 1 0.8 0 1 1 2 0.75 0.75 3.5 0 0 0 0.1 100 0.2 
psys_ladder_dust_8m 512 prt_mesh_smoke_1 900 0.9 0 0 7 7 0 0.25 1 0 0.0 1 1 0.8 0.0 1 1 0.8 0.0 1 1 0.8 0 1 1 2 0.75 0.75 4.5 0 0 0 0.1 100 0.2 
psys_ladder_dust_10m 512 prt_mesh_smoke_1 1100 0.9 0 0 7 7 0 0.25 1 0 0.0 1 1 0.8 0.0 1 1 0.8 0.0 1 1 0.8 0 1 1 2 0.75 0.75 5.5 0 0 0 0.1 100 0.2 
psys_ladder_dust_12m 512 prt_mesh_smoke_1 1300 0.9 0 0 7 7 0 0.25 1 0 0.0 1 1 0.8 0.0 1 1 0.8 0.0 1 1 0.8 0 1 1 2 0.75 0.75 6.5 0 0 0 0.1 100 0.2 
psys_ladder_dust_14m 512 prt_mesh_smoke_1 1500 0.9 0 0 7 7 0 0.25 1 0 0.0 1 1 0.8 0.0 1 1 0.8 0.0 1 1 0.8 0 1 1 2 0.75 0.75 7.5 0 0 0 0.1 100 0.2 
psys_ladder_straw_6m 12288 prt_mesh_straw_1 700 1 2 0.9 10 2 0.1 1 1 1 0.1 0.6 1 0.6 0.1 0.5 1 0.5 0.1 0.4 1 0.4 0.0 0.3 1 0.3 0.75 0.75 3.5 0 0 0 2.3 200 0 
psys_ladder_straw_8m 12288 prt_mesh_straw_1 900 1 2 0.9 10 2 0.1 1 1 1 0.1 0.6 1 0.6 0.1 0.5 1 0.5 0.1 0.4 1 0.4 0.0 0.3 1 0.3 0.75 0.75 4.5 0 0 0 2.3 200 0 
psys_ladder_straw_10m 12288 prt_mesh_straw_1 1100 1 2 0.9 10 2 0.1 1 1 1 0.1 0.6 1 0.6 0.1 0.5 1 0.5 0.1 0.4 1 0.4 0.0 0.3 1 0.3 0.75 0.75 5.5 0 0 0 2.3 200 0 
psys_ladder_straw_12m 12288 prt_mesh_straw_1 1300 1 2 0.9 10 2 0.1 1 1 1 0.1 0.6 1 0.6 0.1 0.5 1 0.5 0.1 0.4 1 0.4 0.0 0.3 1 0.3 0.75 0.75 6.5 0 0 0 2.3 200 0 
psys_ladder_straw_14m 12288 prt_mesh_straw_1 1500 1 2 0.9 10 2 0.1 1 1 1 0.1 0.6 1 0.6 0.1 0.5 1 0.5 0.1 0.4 1 0.4 0.0 0.3 1 0.3 0.75 0.75 7.5 0 0 0 2.3 200 0 
psys_torch_fire_sparks 8722 prt_sparks_mesh_1 10 0.7 0.2 0 10.0 0.02 0.66 1 1 0 0.1 0.7 1 0.7 0.1 0.5 1 0.5 0.1 0.1 1 0.1 0.1 0.05 1 0.05 0.1 0.1 0.1 0 0 0.9 0.0 0 0 
psys_fire_sparks_1 8722 prt_sparks_mesh_1 10 1.5 0.2 0 3 10 0.6 1 1 1 0.1 0.7 1 0.7 0.1 0.5 1 0.5 0.1 0.1 1 0.1 0.1 0.07 1 0.03 0.17 0.17 0.01 0 0 1 0.0 0 0 
psys_pistol_smoke 512 prtcl_dust_a 90 2.5 0.6 -0.2 60.0 1.5 0.0 0.75 1 0 0.0 0.7 1 0.4 0.0 0.7 1 0.4 0.0 0.7 1 0.4 0 1.5 0.5 11.0 0.1 0.1 0.1 2 2 0 0.1 0.0 0.0 
psys_brazier_fire_1 12818 prt_mesh_fire_1 25 0.5 0.1 0.0 10.0 0.0 0.5 0.4 1.0 0 0.5 1.0 1.0 0.9 0.5 0.7 1.0 0.3 0.5 0.2 1 0.0 0.1 0.2 1.0 0.5 0.1 0.1 0.01 0.0 0.0 0.4 0.0 100 0.2 
psys_cooking_fire_1 12818 prt_mesh_fire_1 25 0.35 0.1 0.03 10.0 0.0 0.5 0.8 1 0 0.5 0.5 1 0.27 0.5 0.35 1 0.09 0.5 0.1 1 0.0 0.1 0.5 1 1 0.05 0.05 0.01 0 0 1 0.0 200 0.0 
psys_cooking_smoke 12818 prt_mesh_smoke_1 4 4 0.1 0 3 5 0.2 0.2 1.0 0.0 0.0 0.8 1.0 1.0 0.0 0.8 1.0 1.0 0.0 0.85 1.0 1.0 0.0 0.65 1.0 3.0 0.0 0.0 0.0 0.0 0.0 1.2 0.0 0 0 
psys_food_steam 12818 prt_mesh_steam_1 3 1 0 0 8.0 1 0.5 0.1 1 0 0.0 1 1 0.1 0.0 1 1 0.1 0.0 1 1 0.1 0 0.2 0.9 0.5 0.05 0.05 0 0 0 0.1 0 100 0.5 
psys_candle_light 530 prt_mesh_candle_fire_1 7 1.1 0.6 -0.0 10.0 0.2 0.1 0.5 1 0 0.5 1.0 1 0.9 0.5 0.6 1 0.1 0.5 0.2 1 0.0 0.3 0.2 1 0.0 0.0 0.0 0.0 0 0 0.09 0 0 0 
psys_candle_light_small 530 prt_mesh_candle_fire_1 4 1.1 0.6 -0.0 10.0 0.2 0.1 0.8 1 0 0.5 1.0 1 0.9 0.5 0.6 1 0.1 0.5 0.2 1 0.0 0.3 0.13 1 0.0 0.0 0.0 0.0 0 0 0.06 0 0 0 
psys_lamp_fire 12818 prt_mesh_fire_1 10 0.8 0.6 -0.0 10.0 0.4 0.1 0.5 1 0 0.5 1.0 1 0.9 0.5 0.8 1 0.1 0.5 0.4 1 0.0 0.3 0.35 0.9 0.5 0.01 0.01 0.0 0 0 0.35 0.03 100 0.5 
psys_dummy_smoke 8704 prt_mesh_dust_1 500 3 15 -0.05 10.0 0.2 0.1 0.5 1 0 0.1 0.8 1 0.8 0.1 0.7 1 0.7 0.1 0.6 1 0.7 0.0 0.7 1 2.2 0.2 0.2 0.5 0 0 0.05 2 10 0.1 
psys_dummy_straw 12288 prt_mesh_straw_1 500 1 2 0.9 10 2 0.1 1 1 1 0.1 0.6 1 0.6 0.1 0.5 1 0.5 0.1 0.4 1 0.4 0.0 0.3 1 0.3 0.2 0.2 0.5 0 0 0 2.3 200 0 
psys_dummy_smoke_big 8704 prt_mesh_dust_1 500 9 15 -0.05 10.0 0.2 0.1 0.9 1 0 0.1 0.8 1 0.8 0.1 0.7 1 0.7 0.1 0.6 1 0.7 0.0 5 1 15.0 3 3 5 0 0 0.05 2 10 0.1 
psys_dummy_straw_big 12288 prt_mesh_straw_1 500 3 2 2.0 10 2 0.1 1 1 1 0.1 0.6 1 0.6 0.1 0.5 1 0.5 0.1 0.4 1 0.4 0.0 0.8 1 0.8 3 3 3 0 0 0 2.3 200 0 
psys_gourd_smoke 8704 prt_mesh_dust_1 500 3 15 -0.05 10.0 0.2 0.1 0.5 1 0 0.1 0.8 1 0.8 0.1 0.7 1 0.7 0.1 0.6 1 0.7 0.0 0.5 1 1 0.2 0.2 0.5 0 0 0.05 2 10 0.1 
psys_gourd_piece_1 4096 prt_gourd_piece_1 15 1 2 0.9 10 2 0.1 1 1 1 0.1 0.6 1 0.6 0.1 0.5 1 0.5 0.1 0.4 1 0.4 0.0 1 1 1 0.2 0.2 0.5 0 0 0 2.3 200 0 
psys_gourd_piece_2 12288 prt_gourd_piece_2 50 1 2 0.9 10 2 0.1 1 1 1 0.1 0.6 1 0.6 0.1 0.5 1 0.5 0.1 0.4 1 0.4 0.0 1 1 1 0.2 0.2 0.5 0 0 0 2.3 200 0 
psys_fire_fly_1 530 prt_sparks_mesh_1 2 5 1.2 0 50 7 0.1 0.8 1 0.2 0.5 0.7 1 0.7 0.5 0.8 1 0.8 0.5 1 1 1 0 0.1 1 0.1 20 20 0.5 0 0 0 5 0 0 
psys_bug_fly_1 258 prt_mesh_rose_a 20 8 0.02 0.025 1 5 0 1 1 1 0 0.5 1 0.5 0 0.5 1 0.5 0 0.5 1 0.5 0 0.25 1 0.25 10 5 0.1 0 0 -0.9 0.01 10 0 
psys_moon_beam_1 8466 prt_mesh_moon_beam 2 4 1.2 0 0 0 0.5 1 1 0 0 0.4 1 0.4 0 0.5 1 0.5 0 0.6 1 0.6 0 2 1 2.2 1 1 0.2 0 0 -2 0 100 0.5 
psys_moon_beam_paricle_1 8722 prt_sparks_mesh_1 10 1.5 1.5 0 10 10 0.5 1 1 0.0 0.5 0.5 1 0.5 0.5 0.7 1 0.7 0.5 1 1 1 0 0.1 1 0.1 1 1 4 0 0 0 0.5 0 0 
psys_night_smoke_1 530 prt_mesh_dust_1 5 10 1.5 0 50 2 0.3 0.1 1 0 0.5 0.5 1 0.5 0.5 0.5 1 0.5 0.5 0.5 1 0.6 0 10 1 10 25 25 0.5 0 1 0 2 20 1 
psys_fireplace_fire_small 12818 prt_mesh_fire_1 25 0.8 0.2 -0.1 10.0 0.0 0.5 0.5 1 0 0.5 1.0 1 0.9 0.5 0.7 1 0.3 0.5 0.2 1 0.0 0 0.2 1 0.7 0.2 0.1 0.01 0 0 0.2 0.1 100 0.5 
psys_fireplace_fire_big 12818 prt_mesh_fire_1 35 0.6 0.2 -0.2 10.0 0.0 0.5 0.5 1 0 0.5 1.0 1 0.9 0.5 0.7 1 0.3 0.5 0.2 1 0.0 0 0.4 1 1 0.4 0.2 0.01 0 0 0.4 0.1 100 0.5 
psys_village_fire_big 12818 prt_mesh_fire_1 50 1.0 0 -1.2 25.0 10.0 0.2 0.7 1 0 0.2 1.0 1 0.9 0.2 0.7 1 0.3 0.2 0.2 1 0.0 0 2 1 6 2.2 2.2 0.2 0 0 0.0 0.0 250 0.3 
psys_village_fire_smoke_big 12818 prt_mesh_smoke_1 30 2 0.3 -1 50.0 10.0 0.5 0.15 1 0 0.2 0.4 1 0.2 0.2 0.4 1 0.2 0.2 0.4 1 0.2 0 6 1 8 2 2 1 0 0 5 0.0 0 0.1 
psys_map_village_fire 12818 prt_mesh_fire_1 20 1.0 0 -0.2 3.0 3.0 0.2 0.7 1 0 0.2 1.0 1 0.9 0.2 0.7 1 0.3 0.2 0.2 1 0.0 0 0.15 1 0.45 0.2 0.2 0.02 0 0 0.0 0.0 250 0.3 
psys_map_village_fire_smoke 12818 prt_mesh_smoke_1 25 2.5 0.3 -0.15 3.0 3.0 0.5 0.15 1 0 0.2 0.4 1 0.3 0.2 0.4 1 0.3 0.2 0.4 1 0.3 0 0.6 1 0.9 0.2 0.2 0.1 0 0 0.03 0.0 0 0.1 
psys_map_village_looted_smoke 12818 prt_mesh_smoke_1 20 3 0.3 -0.11 3.0 2.0 0.5 0.15 1 0 0.2 0.5 1 0.5 0.2 0.5 1 0.5 0.2 0.5 1 0.5 0 0.7 1 1.3 0.2 0.2 0.1 0 0 0.015 0.0 0 0.1 
psys_dungeon_water_drops 274 prtcl_rain 1 1 0.33 0.8 0 0 1.0 0.2 1 0.2 1.0 1.0 1 1.0 1.0 1.0 1 1.0 1.0 1.0 1 1.0 1.0 0.8 1.0 0.8 0.05 0.05 0.5 0 0 -5.0 0.0 0 0 
psys_wedding_rose 258 prt_mesh_rose_a 50 8 0.02 0.025 1 5 0 1 1 1 0 0.5 1 0.5 0 0.5 1 0.5 0 0.5 1 0.5 0 0.25 1 0.25 4 4 0.1 0 0 -0.9 0.01 10 0 
psys_sea_foam_a 9218 prt_foam_a 1 3.0 1 0.0 0.0 0.0 0.7 0.1 1 0.0 1.0 1.0 1 1.0 1.0 1.0 1 1.0 1.0 1.0 1 1.0 0.0 4 1.0 4.5 10.0 1.0 0 0 1 0 0.0 0 0.5 
psys_fall_leafs_a 258 prt_mesh_yrellow_leaf_a 1 9 0 0.025 4 4 0 1 1 1 0 0.5 1 0.5 0 0.5 1 0.5 0 0.5 1 0.5 0 0.25 1 0.25 4 4 4 0 0.01 -0.9 0.02 15 0 
