partiesfile version 1
240
240
1 0 0 p_main_party Main_Party 1048576 0 0 13 0 0 0 0 0 17 52.5 17 52.5 17 52.5 0.0 1 0 1 0 0 0.0 
1 1 1 p_temp_party {!}temp_party 256 0 0 1 0 0 0 0 0 0 0 0 0 0 0 0.0 0 0.0 
1 2 2 p_camp_bandits {!}camp_bandits 256 0 0 2 0 0 0 0 0 1 1 1 1 1 1 0.0 1 3 3 0 0 0.0 
1 3 3 p_temp_party_2 {!}temp_party_2 256 0 0 1 0 0 0 0 0 0 0 0 0 0 0 0.0 0 0.0 
1 4 4 p_temp_casualties {!}casualties 256 0 0 3 0 0 0 0 0 1 1 1 1 1 1 0.0 0 0.0 
1 5 5 p_temp_casualties_2 {!}casualties 256 0 0 3 0 0 0 0 0 1 1 1 1 1 1 0.0 0 0.0 
1 6 6 p_temp_casualties_3 {!}casualties 256 0 0 3 0 0 0 0 0 1 1 1 1 1 1 0.0 0 0.0 
1 7 7 p_temp_wounded {!}enemies_wounded 256 0 0 3 0 0 0 0 0 1 1 1 1 1 1 0.0 0 0.0 
1 8 8 p_temp_killed {!}enemies_killed 256 0 0 3 0 0 0 0 0 1 1 1 1 1 1 0.0 0 0.0 
1 9 9 p_main_party_backup {!}_ 256 0 0 3 0 0 0 0 0 1 1 1 1 1 1 0.0 0 0.0 
1 10 10 p_encountered_party_backup {!}_ 256 0 0 3 0 0 0 0 0 1 1 1 1 1 1 0.0 0 0.0 
1 11 11 p_collective_friends_backup {!}_ 256 0 0 3 0 0 0 0 0 1 1 1 1 1 1 0.0 0 0.0 
1 12 12 p_player_casualties {!}_ 256 0 0 3 0 0 0 0 0 1 1 1 1 1 1 0.0 0 0.0 
1 13 13 p_enemy_casualties {!}_ 256 0 0 3 0 0 0 0 0 1 1 1 1 1 1 0.0 0 0.0 
1 14 14 p_ally_casualties {!}_ 256 0 0 3 0 0 0 0 0 1 1 1 1 1 1 0.0 0 0.0 
1 15 15 p_collective_enemy {!}collective_enemy 256 0 0 3 0 0 0 0 0 1 1 1 1 1 1 0.0 0 0.0 
1 16 16 p_collective_ally {!}collective_ally 256 0 0 3 0 0 0 0 0 1 1 1 1 1 1 0.0 0 0.0 
1 17 17 p_collective_friends {!}collective_ally 256 0 0 3 0 0 0 0 0 1 1 1 1 1 1 0.0 0 0.0 
1 18 18 p_total_enemy_casualties {!}_ 256 0 0 3 0 0 0 0 0 1 1 1 1 1 1 0.0 0 0.0 
1 19 19 p_routed_enemies {!}routed_enemies 256 0 0 3 0 0 0 0 0 1 1 1 1 1 1 0.0 0 0.0 
1 20 20 p_zendar Zendar 2114828 0 0 3 0 0 0 0 0 18 60 18 60 18 60 0.0 0 0.0 
1 21 21 p_town_1 Sargoth 4219916 0 0 3 0 0 0 0 0 -17.6 79.7 -17.6 79.7 -17.6 79.7 0.0 0 2.96706 
1 22 22 p_town_2 Tihr 4219916 0 0 3 0 0 0 0 0 -53.5 78.4 -53.5 78.4 -53.5 78.4 0.0 0 2.094395 
1 23 23 p_town_3 Veluca 4219916 0 0 3 0 0 0 0 0 -57.4 -44.5 -57.4 -44.5 -57.4 -44.5 0.0 0 1.396263 
1 24 24 p_town_4 Suno 4219916 0 0 3 0 0 0 0 0 -70 15.4 -70 15.4 -70 15.4 0.0 0 5.061455 
1 25 25 p_town_5 Jelkala 4219916 0 0 3 0 0 0 0 0 -74.6 -79.7 -74.6 -79.7 -74.6 -79.7 0.0 0 1.570796 
1 26 26 p_town_6 Praven 4219916 0 0 3 0 0 0 0 0 -96 26.4 -96 26.4 -96 26.4 0.0 0 2.70526 
1 27 27 p_town_7 Uxkhal 4219916 0 0 3 0 0 0 0 0 -50 -8.5 -50 -8.5 -50 -8.5 0.0 0 4.18879 
1 28 28 p_town_8 Reyvadin 4219916 0 0 3 0 0 0 0 0 48.44 39.3 48.44 39.3 48.44 39.3 0.0 0 3.054326 
1 29 29 p_town_9 Khudan 4219938 0 0 3 0 0 0 0 0 94 65.2 94 65.2 94 65.2 0.0 0 1.570796 
1 30 30 p_town_10 Tulga 4219917 0 0 3 0 0 0 0 0 135.5 -22 135.5 -22 135.5 -22 0.0 0 5.410521 
1 31 31 p_town_11 Curaw 4219938 0 0 3 0 0 0 0 0 43 67.5 43 67.5 43 67.5 0.0 0 2.617994 
1 32 32 p_town_12 Wercheg 4219916 0 0 3 0 0 0 0 0 -1.2 108.9 -1.2 108.9 -1.2 108.9 0.0 0 0.4363323 
1 33 33 p_town_13 Rivacheg 4219916 0 0 3 0 0 0 0 0 64.8 113.7 64.8 113.7 64.8 113.7 0.0 0 1.047198 
1 34 34 p_town_14 Halmar 4219917 0 0 3 0 0 0 0 0 55.5 -45 55.5 -45 55.5 -45 0.0 0 2.356194 
1 35 35 p_town_15 Yalen 4219916 0 0 3 0 0 0 0 0 -132.8 -47.3 -132.8 -47.3 -132.8 -47.3 0.0 0 0.7853982 
1 36 36 p_town_16 Dhirim 4219916 0 0 3 0 0 0 0 0 14 -2 14 -2 14 -2 0.0 0 0 
1 37 37 p_town_17 Ichamur 4219917 0 0 3 0 0 0 0 0 121.8 8.6 121.8 8.6 121.8 8.6 0.0 0 1.570796 
1 38 38 p_town_18 Narra 4219917 0 0 3 0 0 0 0 0 88 -26.5 88 -26.5 88 -26.5 0.0 0 2.356194 
1 39 39 p_town_19 Shariz 4219918 0 0 3 0 0 0 0 0 15 -107 15 -107 15 -107 0.0 0 0.7853982 
1 40 40 p_town_20 Durquba 4219918 0 0 3 0 0 0 0 0 90 -95.1 90 -95.1 90 -95.1 0.0 0 4.712389 
1 41 41 p_town_21 Ahmerrad 4219918 0 0 3 0 0 0 0 0 130.5 -78.5 130.5 -78.5 130.5 -78.5 0.0 0 5.759586 
1 42 42 p_town_22 Bariyye 4219918 0 0 3 0 0 0 0 0 165 -106.7 165 -106.7 165 -106.7 0.0 0 3.926991 
1 43 43 p_castle_1 Culmarr_Castle 4215838 0 0 3 0 0 0 0 0 -101.3 -21 -101.3 -21 -101.3 -21 0.0 0 0.8726646 
1 44 44 p_castle_2 Malayurg_Castle 4215839 0 0 3 0 0 0 0 0 97.5 -2.2 97.5 -2.2 97.5 -2.2 0.0 0 1.308997 
1 45 45 p_castle_3 Bulugha_Castle 4215838 0 0 3 0 0 0 0 0 47.5 111.3 47.5 111.3 47.5 111.3 0.0 0 1.745329 
1 46 46 p_castle_4 Radoghir_Castle 4215840 0 0 3 0 0 0 0 0 32.5 47.8 32.5 47.8 32.5 47.8 0.0 0 3.141593 
1 47 47 p_castle_5 Tehlrog_Castle 4215840 0 0 3 0 0 0 0 0 -4.8 63.7 -4.8 63.7 -4.8 63.7 0.0 0 1.570796 
1 48 48 p_castle_6 Tilbaut_Castle 4215838 0 0 3 0 0 0 0 0 37.6 17.1 37.6 17.1 37.6 17.1 0.0 0 0.9599311 
1 49 49 p_castle_7 Sungetche_Castle 4215843 0 0 3 0 0 0 0 0 109.5 41.5 109.5 41.5 109.5 41.5 0.0 0 0.7853982 
1 50 50 p_castle_8 Jeirbe_Castle 4215838 0 0 3 0 0 0 0 0 35.2 89 35.2 89 35.2 89 0.0 0 0.5235988 
1 51 51 p_castle_9 Jamiche_Castle 4215838 0 0 3 0 0 0 0 0 -7.5 -82.6 -7.5 -82.6 -7.5 -82.6 0.0 0 1.745329 
1 52 52 p_castle_10 Alburq_Castle 4215838 0 0 3 0 0 0 0 0 24.2 96.85 24.2 96.85 24.2 96.85 0.0 0 1.919862 
1 53 53 p_castle_11 Curin_Castle 4215838 0 0 3 0 0 0 0 0 -27.5 83.46 -27.5 83.46 -27.5 83.46 0.0 0 1.308997 
1 54 54 p_castle_12 Chalbek_Castle 4215839 0 0 3 0 0 0 0 0 -84.75 105.5 -84.75 105.5 -84.75 105.5 0.0 0 1.658063 
1 55 55 p_castle_13 Kelredan_Castle 4215838 0 0 3 0 0 0 0 0 -10.6 17.6 -10.6 17.6 -10.6 17.6 0.0 0 2.007129 
1 56 56 p_castle_14 Maras_Castle 4215840 0 0 3 0 0 0 0 0 -122.4 -18.1 -122.4 -18.1 -122.4 -18.1 0.0 0 1.570796 
1 57 57 p_castle_15 Ergellon_Castle 4215838 0 0 3 0 0 0 0 0 -52.5 -28 -52.5 -28 -52.5 -28 0.0 0 4.101524 
1 58 58 p_castle_16 Almerra_Castle 4215840 0 0 3 0 0 0 0 0 -10.6 -65.6 -10.6 -65.6 -10.6 -65.6 0.0 0 0.7853982 
1 59 59 p_castle_17 Distar_Castle 4215838 0 0 3 0 0 0 0 0 140.3 -10.8 140.3 -10.8 140.3 -10.8 0.0 0 0.2617994 
1 60 60 p_castle_18 Ismirala_Castle 4215843 0 0 3 0 0 0 0 0 14.4 70.1 14.4 70.1 14.4 70.1 0.0 0 5.235988 
1 61 61 p_castle_19 Yruma_Castle 4215843 0 0 3 0 0 0 0 0 69.5 55.6 69.5 55.6 69.5 55.6 0.0 0 4.886922 
1 62 62 p_castle_20 Derchios_Castle 4215838 0 0 3 0 0 0 0 0 16 11.5 16 11.5 16 11.5 0.0 0 4.537856 
1 63 63 p_castle_21 Ibdeles_Castle 4215838 0 0 3 0 0 0 0 0 -73 -89.5 -73 -89.5 -73 -89.5 0.0 0 4.537856 
1 64 64 p_castle_22 Unuzdaq_Castle 4215838 0 0 3 0 0 0 0 0 33 -64 33 -64 33 -64 0.0 0 4.537856 
1 65 65 p_castle_23 Tevarin_Castle 4215838 0 0 3 0 0 0 0 0 -124.8 44.3 -124.8 44.3 -124.8 44.3 0.0 0 1.396263 
1 66 66 p_castle_24 Reindi_Castle 4215838 0 0 3 0 0 0 0 0 24.9 -35.6 24.9 -35.6 24.9 -35.6 0.0 0 4.537856 
1 67 67 p_castle_25 Ryibelet_Castle 4215838 0 0 3 0 0 0 0 0 -57 30.6 -57 30.6 -57 30.6 0.0 0 4.537856 
1 68 68 p_castle_26 Senuzgda_Castle 4215838 0 0 3 0 0 0 0 0 -2.5 -9.5 -2.5 -9.5 -2.5 -9.5 0.0 0 4.537856 
1 69 69 p_castle_27 Rindyar_Castle 4215838 0 0 3 0 0 0 0 0 63.3 -2 63.3 -2 63.3 -2 0.0 0 4.537856 
1 70 70 p_castle_28 Grunwalder_Castle 4215838 0 0 3 0 0 0 0 0 -36.4 -39.3 -36.4 -39.3 -36.4 -39.3 0.0 0 4.537856 
1 71 71 p_castle_29 Nelag_Castle 4215843 0 0 3 0 0 0 0 0 147.7 50.4 147.7 50.4 147.7 50.4 0.0 0 4.886922 
1 72 72 p_castle_30 Asugan_Castle 4215841 0 0 3 0 0 0 0 0 176 -47 176 -47 176 -47 0.0 0 4.537856 
1 73 73 p_castle_31 Vyincourd_Castle 4215838 0 0 3 0 0 0 0 0 -65.7 -12.5 -65.7 -12.5 -65.7 -12.5 0.0 0 4.537856 
1 74 74 p_castle_32 Knudarr_Castle 4215838 0 0 3 0 0 0 0 0 2 30.1 2 30.1 2 30.1 0.0 0 4.537856 
1 75 75 p_castle_33 Etrosq_Castle 4215838 0 0 3 0 0 0 0 0 -101.4 -32.1 -101.4 -32.1 -101.4 -32.1 0.0 0 1.396263 
1 76 76 p_castle_34 Hrus_Castle 4215838 0 0 3 0 0 0 0 0 -72.5 78.6 -72.5 78.6 -72.5 78.6 0.0 0 4.537856 
1 77 77 p_castle_35 Haringoth_Castle 4215838 0 0 3 0 0 0 0 0 -110 0 -110 0 -110 0 0.0 0 4.537856 
1 78 78 p_castle_36 Jelbegi_Castle 4215838 0 0 3 0 0 0 0 0 -47.3 53.2 -47.3 53.2 -47.3 53.2 0.0 0 4.537856 
1 79 79 p_castle_37 Dramug_Castle 4215840 0 0 3 0 0 0 0 0 55.3 23 55.3 23 55.3 23 0.0 0 4.537856 
1 80 80 p_castle_38 Tulbuk_Castle 4215841 0 0 3 0 0 0 0 0 141.7 33.3 141.7 33.3 141.7 33.3 0.0 0 4.537856 
1 81 81 p_castle_39 Slezkh_Castle 4215843 0 0 3 0 0 0 0 0 56.8 74.5 56.8 74.5 56.8 74.5 0.0 0 4.886922 
1 82 82 p_castle_40 Uhhun_Castle 4215841 0 0 3 0 0 0 0 0 62.9 -26 62.9 -26 62.9 -26 0.0 0 4.537856 
1 83 83 p_castle_41 Jameyyed_Castle 4215841 0 0 3 0 0 0 0 0 71.3 -71.1 71.3 -71.1 71.3 -71.1 0.0 0 4.537856 
1 84 84 p_castle_42 Teramma_Castle 4215841 0 0 3 0 0 0 0 0 70 -96 70 -96 70 -96 0.0 0 1.396263 
1 85 85 p_castle_43 Sharwa_Castle 4215841 0 0 3 0 0 0 0 0 172 -65 172 -65 172 -65 0.0 0 4.537856 
1 86 86 p_castle_44 Durrin_Castle 4215841 0 0 3 0 0 0 0 0 128 -87 128 -87 128 -87 0.0 0 4.537856 
1 87 87 p_castle_45 Caraf_Castle 4215841 0 0 3 0 0 0 0 0 30.6 -110.6 30.6 -110.6 30.6 -110.6 0.0 0 4.537856 
1 88 88 p_castle_46 Weyyah_Castle 4215841 0 0 3 0 0 0 0 0 13.3 -84.4 13.3 -84.4 13.3 -84.4 0.0 0 4.537856 
1 89 89 p_castle_47 Samarra_Castle 4215841 0 0 3 0 0 0 0 0 116 -74 116 -74 116 -74 0.0 0 4.537856 
1 90 90 p_castle_48 Bardaq_Castle 4215841 0 0 3 0 0 0 0 0 157 -80 157 -80 157 -80 0.0 0 4.537856 
1 91 91 p_village_1 Yaragar 2114575 0 0 3 0 0 0 0 0 -60 -9.5 -60 -9.5 -60 -9.5 0.0 0 1.745329 
1 92 92 p_village_2 Burglen 2114575 0 0 3 0 0 0 0 0 -13.5 3.5 -13.5 3.5 -13.5 3.5 0.0 0 1.919862 
1 93 93 p_village_3 Azgad 2114575 0 0 3 0 0 0 0 0 -97.4 36 -97.4 36 -97.4 36 0.0 0 2.094395 
1 94 94 p_village_4 Nomar 2114575 0 0 3 0 0 0 0 0 -36.6 -13.2 -36.6 -13.2 -36.6 -13.2 0.0 0 2.268928 
1 95 95 p_village_5 Kulum 2114575 0 0 3 0 0 0 0 0 -122.7 106.3 -122.7 106.3 -122.7 106.3 0.0 0 2.96706 
1 96 96 p_village_6 Emirin 2114575 0 0 3 0 0 0 0 0 5.5 -2.5 5.5 -2.5 5.5 -2.5 0.0 0 1.745329 
1 97 97 p_village_7 Amere 2114575 0 0 3 0 0 0 0 0 39.3 -5.25 39.3 -5.25 39.3 -5.25 0.0 0 1.919862 
1 98 98 p_village_8 Haen 2114575 0 0 3 0 0 0 0 0 -49.7 74 -49.7 74 -49.7 74 0.0 0 2.094395 
1 99 99 p_village_9 Buvran 2114575 0 0 3 0 0 0 0 0 -85 -75.35 -85 -75.35 -85 -75.35 0.0 0 2.268928 
1 100 100 p_village_10 Mechin 2114575 0 0 3 0 0 0 0 0 8.8 34.75 8.8 34.75 8.8 34.75 0.0 0 2.96706 
1 101 101 p_village_11 Dusturil 2114575 0 0 3 0 0 0 0 0 137.2 -36.5 137.2 -36.5 137.2 -36.5 0.0 0 1.745329 
1 102 102 p_village_12 Emer 2114575 0 0 3 0 0 0 0 0 -45.8 -58.5 -45.8 -58.5 -45.8 -58.5 0.0 0 1.919862 
1 103 103 p_village_13 Nemeja 2114575 0 0 3 0 0 0 0 0 -119 3 -119 3 -119 3 0.0 0 2.094395 
1 104 104 p_village_14 Sumbuja 2114575 0 0 3 0 0 0 0 0 40 52 40 52 40 52 0.0 0 2.268928 
1 105 105 p_village_15 Ryibelet 2114575 0 0 3 0 0 0 0 0 -49.3 26.25 -49.3 26.25 -49.3 26.25 0.0 0 2.96706 
1 106 106 p_village_16 Shapeshte 2114584 0 0 3 0 0 0 0 0 74 86.8 74 86.8 74 86.8 0.0 0 2.96706 
1 107 107 p_village_17 Mazen 2114584 0 0 3 0 0 0 0 0 44.7 91.4 44.7 91.4 44.7 91.4 0.0 0 0.6108652 
1 108 108 p_village_18 Ulburban 2114584 0 0 3 0 0 0 0 0 73.7 30.1 73.7 30.1 73.7 30.1 0.0 0 2.96706 
1 109 109 p_village_19 Hanun 2114584 0 0 3 0 0 0 0 0 152.3 53.5 152.3 53.5 152.3 53.5 0.0 0 2.96706 
1 110 110 p_village_20 Uslum 2114584 0 0 3 0 0 0 0 0 116 80.3 116 80.3 116 80.3 0.0 0 2.96706 
1 111 111 p_village_21 Bazeck 2114584 0 0 3 0 0 0 0 0 60.4 85 60.4 85 60.4 85 0.0 0 1.745329 
1 112 112 p_village_22 Shulus 2114584 0 0 3 0 0 0 0 0 125.4 64 125.4 64 125.4 64 0.0 0 1.919862 
1 113 113 p_village_23 Ilvia 2114575 0 0 3 0 0 0 0 0 -133.3 -37.6 -133.3 -37.6 -133.3 -37.6 0.0 0 2.094395 
1 114 114 p_village_24 Ruldi 2114575 0 0 3 0 0 0 0 0 -57.6 -73 -57.6 -73 -57.6 -73 0.0 0 2.268928 
1 115 115 p_village_25 Dashbigha 2114575 0 0 3 0 0 0 0 0 125.2 -8 125.2 -8 125.2 -8 0.0 0 2.96706 
1 116 116 p_village_26 Pagundur 2114575 0 0 3 0 0 0 0 0 -58.5 -30.8 -58.5 -30.8 -58.5 -30.8 0.0 0 2.96706 
1 117 117 p_village_27 Glunmar 2114575 0 0 3 0 0 0 0 0 -146.3 -16.6 -146.3 -16.6 -146.3 -16.6 0.0 0 2.96706 
1 118 118 p_village_28 Tash_Kulun 2114575 0 0 3 0 0 0 0 0 95 -11.4 95 -11.4 95 -11.4 0.0 0 2.96706 
1 119 119 p_village_29 Buillin 2114575 0 0 3 0 0 0 0 0 -90.6 110.9 -90.6 110.9 -90.6 110.9 0.0 0 2.96706 
1 120 120 p_village_30 Ruvar 2114575 0 0 3 0 0 0 0 0 29.2 114.3 29.2 114.3 29.2 114.3 0.0 0 2.96706 
1 121 121 p_village_31 Ambean 2114575 0 0 3 0 0 0 0 0 -24 53 -24 53 -24 53 0.0 0 1.745329 
1 122 122 p_village_32 Tosdhar 2114575 0 0 3 0 0 0 0 0 8.3 14.5 8.3 14.5 8.3 14.5 0.0 0 1.919862 
1 123 123 p_village_33 Ruluns 2114575 0 0 3 0 0 0 0 0 -59 10.6 -59 10.6 -59 10.6 0.0 0 2.094395 
1 124 124 p_village_34 Ehlerdah 2114575 0 0 3 0 0 0 0 0 34.15 -30 34.15 -30 34.15 -30 0.0 0 2.268928 
1 125 125 p_village_35 Fearichen 2114575 0 0 3 0 0 0 0 0 2.14 86.9 2.14 86.9 2.14 86.9 0.0 0 2.96706 
1 126 126 p_village_36 Jayek 2114575 0 0 3 0 0 0 0 0 17.4 100.7 17.4 100.7 17.4 100.7 0.0 0 2.96706 
1 127 127 p_village_37 Ada_Kulun 2114575 0 0 3 0 0 0 0 0 164.4 26 164.4 26 164.4 26 0.0 0 2.96706 
1 128 128 p_village_38 Ibiran 2114575 0 0 3 0 0 0 0 0 -42.8 11.25 -42.8 11.25 -42.8 11.25 0.0 0 2.96706 
1 129 129 p_village_39 Reveran 2114575 0 0 3 0 0 0 0 0 -124.3 -29.5 -124.3 -29.5 -124.3 -29.5 0.0 0 2.96706 
1 130 130 p_village_40 Saren 2114575 0 0 3 0 0 0 0 0 -12 -53 -12 -53 -12 -53 0.0 0 2.96706 
1 131 131 p_village_41 Dugan 2114575 0 0 3 0 0 0 0 0 175 -39.5 175 -39.5 175 -39.5 0.0 0 1.745329 
1 132 132 p_village_42 Dirigh_Aban 2114575 0 0 3 0 0 0 0 0 115.4 21.6 115.4 21.6 115.4 21.6 0.0 0 1.919862 
1 133 133 p_village_43 Zagush 2114575 0 0 3 0 0 0 0 0 99.4 -21.3 99.4 -21.3 99.4 -21.3 0.0 0 2.094395 
1 134 134 p_village_44 Peshmi 2114575 0 0 3 0 0 0 0 0 51.8 -50 51.8 -50 51.8 -50 0.0 0 2.268928 
1 135 135 p_village_45 Bulugur 2114575 0 0 3 0 0 0 0 0 151.5 -3 151.5 -3 151.5 -3 0.0 0 2.96706 
1 136 136 p_village_46 Fedner 2114575 0 0 3 0 0 0 0 0 -82.4 -48.8 -82.4 -48.8 -82.4 -48.8 0.0 0 2.96706 
1 137 137 p_village_47 Epeshe 2114575 0 0 3 0 0 0 0 0 -101.2 -53.7 -101.2 -53.7 -101.2 -53.7 0.0 0 2.96706 
1 138 138 p_village_48 Veidar 2114575 0 0 3 0 0 0 0 0 -103 15.3 -103 15.3 -103 15.3 0.0 0 2.96706 
1 139 139 p_village_49 Tismirr 2114584 0 0 3 0 0 0 0 0 90.8 60.5 90.8 60.5 90.8 60.5 0.0 0 0.1745329 
1 140 140 p_village_50 Karindi 2114584 0 0 3 0 0 0 0 0 64.1 55.9 64.1 55.9 64.1 55.9 0.0 0 2.96706 
1 141 141 p_village_51 Jelbegi 2114575 0 0 3 0 0 0 0 0 -40 62 -40 62 -40 62 0.0 0 1.745329 
1 142 142 p_village_52 Amashke 2114575 0 0 3 0 0 0 0 0 38.2 -67.7 38.2 -67.7 38.2 -67.7 0.0 0 1.919862 
1 143 143 p_village_53 Balanli 2114575 0 0 3 0 0 0 0 0 -130.3 42 -130.3 42 -130.3 42 0.0 0 2.094395 
1 144 144 p_village_54 Chide 2114575 0 0 3 0 0 0 0 0 -19 15.5 -19 15.5 -19 15.5 0.0 0 2.268928 
1 145 145 p_village_55 Tadsamesh 2114575 0 0 3 0 0 0 0 0 37.3 23.7 37.3 23.7 37.3 23.7 0.0 0 2.96706 
1 146 146 p_village_56 Fenada 2114575 0 0 3 0 0 0 0 0 -5.55 75.5 -5.55 75.5 -5.55 75.5 0.0 0 2.96706 
1 147 147 p_village_57 Ushkuru 2114575 0 0 3 0 0 0 0 0 24.75 -7.7 24.75 -7.7 24.75 -7.7 0.0 0 2.96706 
1 148 148 p_village_58 Vezin 2114575 0 0 3 0 0 0 0 0 78.5 118.3 78.5 118.3 78.5 118.3 0.0 0 2.96706 
1 149 149 p_village_59 Dumar 2114575 0 0 3 0 0 0 0 0 -101 -45 -101 -45 -101 -45 0.0 0 2.96706 
1 150 150 p_village_60 Tahlberl 2114575 0 0 3 0 0 0 0 0 -26.6 30 -26.6 30 -26.6 30 0.0 0 2.96706 
1 151 151 p_village_61 Aldelen 2114575 0 0 3 0 0 0 0 0 -99.8 85.65 -99.8 85.65 -99.8 85.65 0.0 0 1.745329 
1 152 152 p_village_62 Rebache 2114575 0 0 3 0 0 0 0 0 36.7 59.5 36.7 59.5 36.7 59.5 0.0 0 1.745329 
1 153 153 p_village_63 Rduna 2114575 0 0 3 0 0 0 0 0 70.75 1.6 70.75 1.6 70.75 1.6 0.0 0 1.745329 
1 154 154 p_village_64 Serindiar 2114575 0 0 3 0 0 0 0 0 -41.5 -35.8 -41.5 -35.8 -41.5 -35.8 0.0 0 1.745329 
1 155 155 p_village_65 Iyindah 2114575 0 0 3 0 0 0 0 0 -86.3 12.4 -86.3 12.4 -86.3 12.4 0.0 0 1.745329 
1 156 156 p_village_66 Fisdnar 2114575 0 0 3 0 0 0 0 0 109 127.5 109 127.5 109 127.5 0.0 0 1.745329 
1 157 157 p_village_67 Tebandra 2114575 0 0 3 0 0 0 0 0 65 23 65 23 65 23 0.0 0 1.745329 
1 158 158 p_village_68 Ibdeles 2114575 0 0 3 0 0 0 0 0 -72.6 -97.5 -72.6 -97.5 -72.6 -97.5 0.0 0 1.745329 
1 159 159 p_village_69 Kwynn 2114575 0 0 3 0 0 0 0 0 -26.5 77.6 -26.5 77.6 -26.5 77.6 0.0 0 1.745329 
1 160 160 p_village_70 Dirigsene 2114575 0 0 3 0 0 0 0 0 -94 -27 -94 -27 -94 -27 0.0 0 1.745329 
1 161 161 p_village_71 Tshibtin 2114575 0 0 3 0 0 0 0 0 -9 -20 -9 -20 -9 -20 0.0 0 0.3490658 
1 162 162 p_village_72 Elberl 2114575 0 0 3 0 0 0 0 0 -144 16.15 -144 16.15 -144 16.15 0.0 0 1.047198 
1 163 163 p_village_73 Chaeza 2114575 0 0 3 0 0 0 0 0 -63.2 -51.4 -63.2 -51.4 -63.2 -51.4 0.0 0 0.9599311 
1 164 164 p_village_74 Ayyike 2114575 0 0 3 0 0 0 0 0 49 31 49 31 49 31 0.0 0 0.2617994 
1 165 165 p_village_75 Bhulaban 2114584 0 0 3 0 0 0 0 0 110.2 48.8 110.2 48.8 110.2 48.8 0.0 0 0.1745329 
1 166 166 p_village_76 Kedelke 2114575 0 0 3 0 0 0 0 0 91.5 -34.8 91.5 -34.8 91.5 -34.8 0.0 0 0.6108652 
1 167 167 p_village_77 Rizi 2114575 0 0 3 0 0 0 0 0 -64.8 81.5 -64.8 81.5 -64.8 81.5 0.0 0 2.792527 
1 168 168 p_village_78 Sarimish 2114575 0 0 3 0 0 0 0 0 -30.2 -53.3 -30.2 -53.3 -30.2 -53.3 0.0 0 3.141593 
1 169 169 p_village_79 Istiniar 2114575 0 0 3 0 0 0 0 0 -134.1 -5.5 -134.1 -5.5 -134.1 -5.5 0.0 0 0 
1 170 170 p_village_80 Vayejeg 2114575 0 0 3 0 0 0 0 0 -1.5 56 -1.5 56 -1.5 56 0.0 0 0.6981317 
1 171 171 p_village_81 Odasan 2114575 0 0 3 0 0 0 0 0 -17.2 123.6 -17.2 123.6 -17.2 123.6 0.0 0 0.3490658 
1 172 172 p_village_82 Yalibe 2114575 0 0 3 0 0 0 0 0 12 -26 12 -26 12 -26 0.0 0 1.047198 
1 173 173 p_village_83 Gisim 2114575 0 0 3 0 0 0 0 0 -79.9 55.2 -79.9 55.2 -79.9 55.2 0.0 0 0.9599311 
1 174 174 p_village_84 Chelez 2114575 0 0 3 0 0 0 0 0 -45.6 -83 -45.6 -83 -45.6 -83 0.0 0 0.2617994 
1 175 175 p_village_85 Ismirala 2114584 0 0 3 0 0 0 0 0 22.8 71.7 22.8 71.7 22.8 71.7 0.0 0 0.1745329 
1 176 176 p_village_86 Slezkh 2114584 0 0 3 0 0 0 0 0 60.5 68.2 60.5 68.2 60.5 68.2 0.0 0 0.6108652 
1 177 177 p_village_87 Udiniad 2114575 0 0 3 0 0 0 0 0 52.3 111.8 52.3 111.8 52.3 111.8 0.0 0 2.792527 
1 178 178 p_village_88 Tulbuk 2114575 0 0 3 0 0 0 0 0 135.8 24.7 135.8 24.7 135.8 24.7 0.0 0 3.141593 
1 179 179 p_village_89 Uhhun 2114575 0 0 3 0 0 0 0 0 70.1 -27.9 70.1 -27.9 70.1 -27.9 0.0 0 0 
1 180 180 p_village_90 Jamiche 2114575 0 0 3 0 0 0 0 0 -12.7 -85.5 -12.7 -85.5 -12.7 -85.5 0.0 0 0.6981317 
1 181 181 p_village_91 Ayn_Assuadi 2114577 0 0 3 0 0 0 0 0 21.6 -95.3 21.6 -95.3 21.6 -95.3 0.0 0 0.3490658 
1 182 182 p_village_92 Dhibbain 2114577 0 0 3 0 0 0 0 0 42.5 -111.6 42.5 -111.6 42.5 -111.6 0.0 0 1.047198 
1 183 183 p_village_93 Qalyut 2114577 0 0 3 0 0 0 0 0 50 -94.8 50 -94.8 50 -94.8 0.0 0 0.9599311 
1 184 184 p_village_94 Mazigh 2114577 0 0 3 0 0 0 0 0 75.4 -61.65 75.4 -61.65 75.4 -61.65 0.0 0 0.2617994 
1 185 185 p_village_95 Tamnuh 2114577 0 0 3 0 0 0 0 0 99 -90.5 99 -90.5 99 -90.5 0.0 0 0.1745329 
1 186 186 p_village_96 Habba 2114577 0 0 3 0 0 0 0 0 107 -75 107 -75 107 -75 0.0 0 0.6108652 
1 187 187 p_village_97 Sekhtem 2114577 0 0 3 0 0 0 0 0 82.3 -76.8 82.3 -76.8 82.3 -76.8 0.0 0 2.792527 
1 188 188 p_village_98 Mawiti 2114577 0 0 3 0 0 0 0 0 117.7 -62.2 117.7 -62.2 117.7 -62.2 0.0 0 3.141593 
1 189 189 p_village_99 Fishara 2114577 0 0 3 0 0 0 0 0 158.35 -98 158.35 -98 158.35 -98 0.0 0 0 
1 190 190 p_village_100 Iqbayl 2114577 0 0 3 0 0 0 0 0 150 -106.5 150 -106.5 150 -106.5 0.0 0 0.6981317 
1 191 191 p_village_101 Uzgha 2114577 0 0 3 0 0 0 0 0 154 -69.5 154 -69.5 154 -69.5 0.0 0 0.3490658 
1 192 192 p_village_102 Shibal_Zumr 2114577 0 0 3 0 0 0 0 0 77.2 -91 77.2 -91 77.2 -91 0.0 0 1.047198 
1 193 193 p_village_103 Mijayet 2114577 0 0 3 0 0 0 0 0 121 -95.6 121 -95.6 121 -95.6 0.0 0 0.9599311 
1 194 194 p_village_104 Tazjunat 2114577 0 0 3 0 0 0 0 0 159 -58.5 159 -58.5 159 -58.5 0.0 0 0.2617994 
1 195 195 p_village_105 Aab 2114577 0 0 3 0 0 0 0 0 135 -88.5 135 -88.5 135 -88.5 0.0 0 0.1745329 
1 196 196 p_village_106 Hawaha 2114577 0 0 3 0 0 0 0 0 10.3 -91.0 10.3 -91.0 10.3 -91.0 0.0 0 0.6108652 
1 197 197 p_village_107 Unriya 2114577 0 0 3 0 0 0 0 0 156.6 -84 156.6 -84 156.6 -84 0.0 0 2.792527 
1 198 198 p_village_108 Mit_Nun 2114577 0 0 3 0 0 0 0 0 28.8 -107.3 28.8 -107.3 28.8 -107.3 0.0 0 3.141593 
1 199 199 p_village_109 Tilimsal 2114577 0 0 3 0 0 0 0 0 53 -114.5 53 -114.5 53 -114.5 0.0 0 0 
1 200 200 p_village_110 Rushdigh 2114577 0 0 3 0 0 0 0 0 38 -104 38 -104 38 -104 0.0 0 0.6981317 
1 201 201 p_salt_mine Salt_Mine 2114831 0 0 3 0 0 0 0 0 14.2 -31 14.2 -31 14.2 -31 0.0 0 0.0 
1 202 202 p_four_ways_inn Four_Ways_Inn 2114831 0 0 3 0 0 0 0 0 4.8 -39.6 4.8 -39.6 4.8 -39.6 0.0 0 0.0 
1 203 203 p_test_scene test_scene 2114831 0 0 3 0 0 0 0 0 10.8 -19.6 10.8 -19.6 10.8 -19.6 0.0 0 0.0 
1 204 204 p_battlefields battlefields 2114831 0 0 3 0 0 0 0 0 10.8 -16.6 10.8 -16.6 10.8 -16.6 0.0 0 0.0 
1 205 205 p_dhorak_keep Dhorak_Keep 2639116 0 0 3 0 0 0 0 0 -50 -58 -50 -58 -50 -58 0.0 0 0.0 
1 206 206 p_training_ground Training_Ground 2114855 0 0 3 0 0 0 0 0 3 -7 3 -7 3 -7 0.0 0 0.0 
1 207 207 p_training_ground_1 Training_Field 2118695 0 0 3 0 0 0 0 0 37.4 102.8 37.4 102.8 37.4 102.8 0.0 0 1.745329 
1 208 208 p_training_ground_2 Training_Field 2118695 0 0 3 0 0 0 0 0 -12.8 33 -12.8 33 -12.8 33 0.0 0 1.745329 
1 209 209 p_training_ground_3 Training_Field 2118695 0 0 3 0 0 0 0 0 70.5 72.0 70.5 72.0 70.5 72.0 0.0 0 1.745329 
1 210 210 p_training_ground_4 Training_Field 2118695 0 0 3 0 0 0 0 0 11.5 -75.2 11.5 -75.2 11.5 -75.2 0.0 0 1.745329 
1 211 211 p_training_ground_5 Training_Field 2118695 0 0 3 0 0 0 0 0 -125.8 12.5 -125.8 12.5 -125.8 12.5 0.0 0 1.745329 
1 212 212 p_bridge_1 {!}1 541738 0 0 3 0 0 0 0 0 39.37 65.1 39.37 65.1 39.37 65.1 0.0 0 -0.7819075 
1 213 213 p_bridge_2 {!}2 541738 0 0 3 0 0 0 0 0 56.44 77.88 56.44 77.88 56.44 77.88 0.0 0 0.07470009 
1 214 214 p_bridge_3 {!}3 541738 0 0 3 0 0 0 0 0 70.87 87.95 70.87 87.95 70.87 87.95 0.0 0 1.125737 
1 215 215 p_bridge_4 {!}4 541738 0 0 3 0 0 0 0 0 93.71 62.13 93.71 62.13 93.71 62.13 0.0 0 -0.03717551 
1 216 216 p_bridge_5 {!}5 541738 0 0 3 0 0 0 0 0 11.02 72.61 11.02 72.61 11.02 72.61 0.0 0 0.3752458 
1 217 217 p_bridge_6 {!}6 541737 0 0 3 0 0 0 0 0 -8.83 52.24 -8.83 52.24 -8.83 52.24 0.0 0 -1.282817 
1 218 218 p_bridge_7 {!}7 541737 0 0 3 0 0 0 0 0 -29.79 76.84 -29.79 76.84 -29.79 76.84 0.0 0 -1.117011 
1 219 219 p_bridge_8 {!}8 541737 0 0 3 0 0 0 0 0 -64.05 -6 -64.05 -6 -64.05 -6 0.0 0 0.03001966 
1 220 220 p_bridge_9 {!}9 541737 0 0 3 0 0 0 0 0 -64.95 -9.6 -64.95 -9.6 -64.95 -9.6 0.0 0 -0.5892231 
1 221 221 p_bridge_10 {!}10 541737 0 0 3 0 0 0 0 0 -75.32 -75.27 -75.32 -75.27 -75.32 -75.27 0.0 0 -0.7691666 
1 222 222 p_bridge_11 {!}11 541736 0 0 3 0 0 0 0 0 -24.39 67.82 -24.39 67.82 -24.39 67.82 0.0 0 1.418953 
1 223 223 p_bridge_12 {!}12 541736 0 0 3 0 0 0 0 0 -114.33 -1.94 -114.33 -1.94 -114.33 -1.94 0.0 0 -0.6195919 
1 224 224 p_bridge_13 {!}13 541736 0 0 3 0 0 0 0 0 -84.02 -7 -84.02 -7 -84.02 -7 0.0 0 -0.3089233 
1 225 225 p_bridge_14 {!}14 541736 0 0 3 0 0 0 0 0 -23.36 75.8 -23.36 75.8 -23.36 75.8 0.0 0 1.162389 
1 226 226 p_looter_spawn_point {!}looter_sp 1280 0 0 2 0 0 0 0 0 26 77 26 77 26 77 0.0 1 113 15 0 0 0.0 
1 227 227 p_steppe_bandit_spawn_point the_steppes 1280 0 0 2 0 0 0 0 0 125 9 125 9 125 9 0.0 1 113 15 0 0 0.0 
1 228 228 p_taiga_bandit_spawn_point the_tundra 1280 0 0 2 0 0 0 0 0 78 84 78 84 78 84 0.0 1 113 15 0 0 0.0 
1 229 229 p_forest_bandit_spawn_point the_forests 1280 0 0 2 0 0 0 0 0 -35 18 -35 18 -35 18 0.0 1 113 15 0 0 0.0 
1 230 230 p_mountain_bandit_spawn_point the_highlands 1280 0 0 2 0 0 0 0 0 -90 -26.8 -90 -26.8 -90 -26.8 0.0 1 113 15 0 0 0.0 
1 231 231 p_sea_raider_spawn_point_1 the_coast 1280 0 0 2 0 0 0 0 0 48.5 110 48.5 110 48.5 110 0.0 1 113 15 0 0 0.0 
1 232 232 p_sea_raider_spawn_point_2 the_coast 1280 0 0 2 0 0 0 0 0 -42 76.7 -42 76.7 -42 76.7 0.0 1 113 15 0 0 0.0 
1 233 233 p_desert_bandit_spawn_point the_deserts 1280 0 0 2 0 0 0 0 0 110 -100 110 -100 110 -100 0.0 1 113 15 0 0 0.0 
1 234 234 p_spawn_points_end {!}last_spawn_point 1280 0 0 1 0 0 0 0 0 0.0 0 0.0 0 0.0 0 0.0 1 113 15 0 0 0.0 
1 235 235 p_reserved_1 {!}last_spawn_point 1280 0 0 1 0 0 0 0 0 0.0 0 0.0 0 0.0 0 0.0 1 113 15 0 0 0.0 
1 236 236 p_reserved_2 {!}last_spawn_point 1280 0 0 1 0 0 0 0 0 0.0 0 0.0 0 0.0 0 0.0 1 113 15 0 0 0.0 
1 237 237 p_reserved_3 {!}last_spawn_point 1280 0 0 1 0 0 0 0 0 0.0 0 0.0 0 0.0 0 0.0 1 113 15 0 0 0.0 
1 238 238 p_reserved_4 {!}last_spawn_point 1280 0 0 1 0 0 0 0 0 0.0 0 0.0 0 0.0 0 0.0 1 113 15 0 0 0.0 
1 239 239 p_reserved_5 {!}last_spawn_point 1280 0 0 1 0 0 0 0 0 0.0 0 0.0 0 0.0 0 0.0 1 113 15 0 0 0.0 
