triggersfile version 1
30
0.1 0 100000000.0 1 37 1 0 1 1120 1 216172782113783828 
0.0 0 168.0 0 1 1 1 567 
0.0 0 168.0 0 1 1 1 568 
0.0 0 168.0 0 1 1 1 569 
0.0 0 168.0 0 1 1 1 570 
5.7 0 0.0 2 2310 2 72057594037927938 7 2147483678 2 72057594037927938 4 4 1103 1 1 2120 3 1224979098644774912 42 1 2136 3 1224979098644774913 21 1224979098644774912 1100 2 1224979098644774913 7 
1.0 0.0 0.0 3 200 1 53 2147483851 1 53 2147483850 1 53 29 526 3 1224979098644774912 53 8 4 0 132 1 1224979098644774912 2204 2 1224979098644774913 1224979098644774912 2147483681 3 1224979098644774913 14 21 2133 2 1224979098644774914 8 4 0 2273 0 2133 2 1224979098644774914 5 3 0 11 1 1224979098644774915 32 2 1224979098644774915 234 2204 2 1224979098644774916 1224979098644774915 33 3 1224979098644774916 14 21 2281 3 1224979098644774917 1224979098644774915 1224979098644774912 2147483678 2 1224979098644774917 1224979098644774914 4 0 31 2 144115188075856343 1 2330 2 4 1224979098644774915 1106 1 1585267068834415503 3 0 1 2 216 1224979098644774912 2133 2 1224979098644774918 72057594037927936 1 6 477 70 1224979098644774915 1224979098644774918 1224979098644774912 -1 3 0 5 0 1106 1 216172782113783826 1 3 318 53 0 3 0 
2.0 0 0 2 2311 2 72057594037927938 31 131 1 72057594037927938 5 2204 2 1224979098644774912 72057594037927938 1 3 197 1224979098644774912 -1 1640 2 72057594037927938 1 1641 2 72057594037927938 72057594037927936 1603 3 72057594037927938 65536 0 
4.0 0 0.0 11 31 2 144115188075856891 1 2133 2 1224979098644774912 0 4 0 2147483780 1 144115188075856892 2133 2 1224979098644774912 1 5 0 2291 2 1224979098644774913 144115188075856892 2147483679 2 1224979098644774913 144115188075856893 2133 2 1224979098644774912 1 3 0 31 2 1224979098644774912 1 1 2133 2 144115188075856891 0 
1.5 0 0 2 2311 2 72057594037927938 27 131 1 72057594037927938 5 2204 2 1224979098644774912 72057594037927938 1 3 197 1224979098644774912 -1 1640 2 72057594037927938 1 1641 2 72057594037927938 72057594037927936 1603 3 72057594037927938 65536 0 
1.0 0 0.0 0 8 6 3 1224979098644774912 14 21 542 3 1224979098644774912 21 0 4 0 2136 3 1224979098644774913 0 100 2147483678 2 1224979098644774913 10 1 3 247 1224979098644774912 11 3 0 3 0 
0.2 0.0 0.0 43 200 1 13 2147483852 1 13 546 3 13 11 2 526 3 1224979098644774912 13 1 526 3 1224979098644774913 13 8 4 0 2147483780 1 1224979098644774913 506 3 13 11 3 1 2 387 13 5 0 130 2 1224979098644774913 1224979098644774912 1232 1 1224979098644774913 506 3 13 11 3 526 3 1224979098644774914 13 4 2133 2 1224979098644774915 0 6 3 1224979098644774916 14 21 542 3 1224979098644774916 21 0 2147483679 2 1224979098644774916 14 2147484194 3 13 3 1224979098644774916 2105 2 1224979098644774915 1 3 0 4 0 32 2 1224979098644774915 0 2136 3 1224979098644774917 0 1224979098644774915 2133 2 1224979098644774918 -1 6 3 1224979098644774916 14 21 31 2 1224979098644774918 -1 542 3 1224979098644774916 21 0 2147483679 2 1224979098644774916 14 2147484194 3 13 3 1224979098644774916 2106 2 1224979098644774917 1 2147483678 2 1224979098644774917 0 2133 2 1224979098644774918 1224979098644774916 3 0 3 0 4 0 32 2 1224979098644774918 0 1 3 230 1224979098644774914 1224979098644774918 5 0 1 3 230 1224979098644774914 22 3 0 1 2 386 13 3 0 0 
0.2 0.0 0.0 64 200 1 8 2147483852 1 8 526 3 1224979098644774912 8 7 526 3 1224979098644774913 8 1 4 0 132 1 144115188075856919 4 0 130 2 144115188075856919 1224979098644774913 1232 1 144115188075856919 2105 2 144115188075856490 1 5 0 130 2 144115188075856919 1224979098644774912 1232 1 144115188075856919 2105 2 144115188075856489 1 5 0 2281 3 1224979098644774914 0 144115188075856919 32 2 1224979098644774914 3 1641 2 144115188075856919 1224979098644774913 3 0 3 0 4 0 132 1 144115188075856920 4 0 130 2 144115188075856920 1224979098644774913 1232 1 144115188075856920 2105 2 144115188075856490 1 5 0 130 2 144115188075856920 1224979098644774912 1232 1 144115188075856920 2105 2 144115188075856489 1 5 0 2281 3 1224979098644774914 0 144115188075856920 32 2 1224979098644774914 3 1641 2 144115188075856920 1224979098644774913 3 0 3 0 4 0 132 1 144115188075856921 4 0 130 2 144115188075856921 1224979098644774913 1232 1 144115188075856921 2105 2 144115188075856490 1 5 0 130 2 144115188075856921 1224979098644774912 1232 1 144115188075856921 2105 2 144115188075856489 1 5 0 2281 3 1224979098644774914 0 144115188075856921 32 2 1224979098644774914 3 1641 2 144115188075856921 1224979098644774913 3 0 3 0 2133 2 1224979098644774915 144115188075856489 2105 2 1224979098644774915 144115188075856490 30 2 1224979098644774915 3 4 0 30 2 144115188075856489 3 1 2 386 8 5 0 31 2 144115188075856489 0 1 2 387 8 5 0 1 2 385 8 3 0 0 
0.5 0.0 0.0 94 200 1 9 31 2 144115188075856496 0 526 3 1224979098644774912 9 12 526 3 1224979098644774913 9 7 2133 2 1224979098644774914 0 4 0 1073741854 2 144115188075856491 2 3221225604 1 144115188075856530 2147483780 1 144115188075856531 5 0 31 2 144115188075856492 0 2281 3 1224979098644774915 0 144115188075856530 4 0 2133 2 1224979098644774916 3 4 0 2273 0 2133 2 1224979098644774916 1 3 0 2147483680 2 1224979098644774915 1224979098644774916 2281 3 1224979098644774917 0 1224979098644774912 32 2 1224979098644774917 1 2105 2 144115188075856491 1 4 0 31 2 144115188075856491 2 2133 2 1224979098644774914 1 1106 2 216172782113783978 16732240 3 0 5 0 2281 3 1224979098644774915 144115188075856531 144115188075856530 2147483680 2 1224979098644774915 1 1660 2 144115188075856530 144115188075856531 2133 2 144115188075856492 1 2133 2 144115188075856493 0 3 0 5 0 31 2 144115188075856492 1 2281 3 1224979098644774915 0 144115188075856531 4 0 2147483680 2 1224979098644774915 1 1661 1 144115188075856530 2105 2 144115188075856491 1 4 0 31 2 144115188075856491 2 2133 2 1224979098644774914 1 1106 2 216172782113783978 16732240 3 0 5 0 2105 2 144115188075856493 1 32 2 144115188075856493 4 1661 1 144115188075856530 2133 2 1224979098644774914 1 2133 2 144115188075856492 2 3 0 3 0 4 0 31 2 1224979098644774914 1 1641 2 144115188075856530 1224979098644774912 1641 2 144115188075856531 1224979098644774913 1640 2 144115188075856530 1 1640 2 144115188075856531 1 1603 3 144115188075856530 65536 0 1603 3 144115188075856531 65536 0 3 0 2133 2 1224979098644774918 0 4 0 132 1 144115188075856530 2105 2 1224979098644774918 1 130 2 144115188075856530 1224979098644774912 1232 1 144115188075856530 2133 2 144115188075856494 1 2106 2 1224979098644774918 1 3 0 4 0 132 1 144115188075856531 2105 2 1224979098644774918 1 130 2 144115188075856531 1224979098644774913 1232 1 144115188075856531 2133 2 144115188075856495 1 2106 2 1224979098644774918 1 3 0 4 0 31 2 144115188075856495 1 31 2 144115188075856494 1 1 2 387 9 3 0 4 0 31 2 1224979098644774918 0 2133 2 144115188075856496 1 1632 3 1224979098644774919 0 846 1632 3 1224979098644774920 0 847 32 2 1224979098644774919 0 32 2 1224979098644774920 0 1 2 386 9 3 0 0 
168.0 0.0 0.0 0 2 2107 2 144115188075856532 101 2108 2 144115188075856532 100 
0.1 0.0 0.1 2 200 1 29 31 2 144115188075856486 1 6 526 3 1224979098644774912 29 8 4 0 132 1 1224979098644774912 1640 2 1224979098644774912 0 1603 3 1224979098644774912 65536 0 3 0 
0.1 0.0 0.1 2 200 1 29 31 2 144115188075856486 0 7 526 3 1224979098644774912 29 8 4 0 132 1 1224979098644774912 1640 2 1224979098644774912 10 1603 3 1224979098644774912 65536 0 1641 2 1224979098644774912 0 3 0 
0.1 0 0.0 3 200 1 29 526 3 1224979098644774912 29 8 2147483780 1 1224979098644774912 1 1 3 318 29 2 
0.3 0.0 1.1 6 200 1 31 2147483851 1 31 2301 2 1224979098644774912 16 2147483678 2 144115188075856922 1224979098644774912 2302 2 1224979098644774913 16 31 2 1224979098644774913 144115188075856923 2 1106 1 216172782113783826 1 3 318 31 0 
0.3 0.0 1.1 6 200 1 31 2147483850 1 31 2301 2 1224979098644774912 16 2147483678 2 144115188075856922 1224979098644774912 2302 2 1224979098644774913 16 2147483679 2 1224979098644774913 144115188075856923 1 1 2 386 31 
1 0 0 5 200 1 32 526 3 1224979098644774912 32 8 132 1 1224979098644774912 131 1 1224979098644774912 1232 1 1224979098644774912 0 
0 0 336 22 6 3 1224979098644774912 336 342 500 3 1224979098644774912 12 0 2147483679 2 1224979098644774912 144115188075856444 520 3 1224979098644774913 1224979098644774912 14 542 3 1224979098644774913 21 0 542 3 1224979098644774913 60 1 2147484188 3 1224979098644774912 2 2 6 3 1224979098644774914 0 30 540 3 1224979098644774912 12 0 2136 3 1224979098644774915 21 43 2204 2 1224979098644774916 1224979098644774915 2190 3 1224979098644774917 1224979098644774916 1224979098644774913 2147483680 2 1224979098644774917 0 500 3 1224979098644774912 12 1224979098644774915 4 0 31 2 144115188075856343 1 2322 2 4 1224979098644774912 2330 2 5 1224979098644774915 1106 1 1585267068834414948 3 0 3 0 3 0 0 
360 0 0 1 1 1 395 0 
0 0 24 0 138 2133 2 1224979098644774912 0 2133 2 1224979098644774913 100 6 3 1224979098644774914 194 210 110 1 1224979098644774914 2105 2 1224979098644774912 1 3 0 2106 2 1224979098644774913 1224979098644774912 2170 3 1224979098644774915 7 0 2105 2 1224979098644774913 1224979098644774915 2133 2 72057594037927943 1224979098644774913 4 0 32 2 144115188075856924 0 31 2 144115188075856399 0 4 0 520 3 1224979098644774916 144115188075856924 71 110 1 144115188075856924 110 1 1224979098644774916 2133 2 144115188075856911 144115188075856924 3 0 2133 2 144115188075856924 0 3 0 6 3 1224979098644774917 194 210 500 3 1224979098644774917 81 0 4 0 540 3 1224979098644774917 5 1 500 3 1224979098644774917 80 1 3 0 520 3 1224979098644774918 1224979098644774917 2 4 0 31 2 1224979098644774918 11 520 3 1224979098644774919 1224979098644774917 84 2322 2 31 1224979098644774917 520 3 1224979098644774920 0 7 2133 2 72057594037927940 1224979098644774920 2133 2 72057594037927941 1224979098644774919 32 2 1224979098644774920 1224979098644774919 500 3 1224979098644774917 77 0 500 3 1224979098644774917 69 0 500 3 1224979098644774917 2 0 3 0 4 0 560 3 1224979098644774917 150 5 540 3 1224979098644774917 151 1 520 3 1224979098644774916 1224979098644774917 144 540 3 1224979098644774916 145 0 500 3 1224979098644774916 145 1 2322 2 3 1224979098644774917 2322 2 4 1224979098644774916 4 0 31 2 144115188075856343 1 1106 1 216172782113786386 3 0 3 0 4 0 110 1 1224979098644774917 1 2 442 1224979098644774917 2133 2 1224979098644774921 72057594037927936 4 0 2147483678 2 1224979098644774921 20 2136 3 1224979098644774922 0 100 2105 2 1224979098644774921 1224979098644774922 2147483678 2 1224979098644774921 20 2133 2 144115188075856910 1224979098644774917 3 0 520 3 1224979098644774923 1224979098644774917 77 2107 2 1224979098644774923 90 2108 2 1224979098644774923 1224979098644774913 500 3 1224979098644774917 77 1224979098644774923 520 3 1224979098644774923 1224979098644774917 69 2107 2 1224979098644774923 90 2108 2 1224979098644774923 1224979098644774913 500 3 1224979098644774917 69 1224979098644774923 4 0 1073742384 3 1224979098644774917 72 1 31 2 144115188075856399 1 520 3 1224979098644774924 1224979098644774917 71 110 1 1224979098644774924 1 4 444 1224979098644774917 1224979098644774924 72 3 0 4 0 1073742384 3 1224979098644774917 74 1 31 2 144115188075856399 1 520 3 1224979098644774924 1224979098644774917 73 110 1 1224979098644774924 1 4 444 1224979098644774917 1224979098644774924 74 3 0 4 0 1073742384 3 1224979098644774917 76 1 31 2 144115188075856399 1 520 3 1224979098644774924 1224979098644774917 75 110 1 1224979098644774924 520 3 1224979098644774923 1224979098644774917 77 2107 2 1224979098644774923 9 2108 2 1224979098644774923 10 500 3 1224979098644774917 77 1224979098644774923 3 0 4 0 31 2 144115188075856399 0 31 2 144115188075856911 0 31 2 144115188075856589 0 31 2 144115188075856924 0 540 3 1224979098644774917 72 0 520 3 1224979098644774916 1224979098644774917 71 110 1 1224979098644774916 2133 2 144115188075856924 1224979098644774917 3 0 4 0 31 2 144115188075856912 0 540 3 1224979098644774917 145 1 2133 2 144115188075856912 1224979098644774917 3 0 5 0 2147483758 1 1224979098644774917 31 2 1224979098644774918 5 520 3 1224979098644774925 1224979098644774917 150 4 0 31 2 144115188075856343 1 2322 2 10 1224979098644774917 2133 2 72057594037927936 1224979098644774925 1106 1 1585267068834415504 3 0 4 0 32 2 1224979098644774925 0 2106 2 1224979098644774925 1 500 3 1224979098644774917 150 1224979098644774925 5 0 540 3 1224979098644774917 151 11 560 3 1224979098644774917 162 1 500 3 30 152 1224979098644774917 2133 2 144115188075856573 30 5 0 560 3 1224979098644774917 151 1 3221226012 3 1224979098644774917 151 8 101 1 1224979098644774917 2133 2 144115188075856573 1224979098644774917 3 0 3 0 3 0 
1 0 0 15 1506 2 1224979098644774912 0 31 2 1224979098644774912 1 6 3 1224979098644774913 194 210 540 3 1224979098644774913 2 5 1540 2 1224979098644774914 1224979098644774913 6 3 1224979098644774915 0 1224979098644774914 1541 3 1224979098644774916 1224979098644774913 1224979098644774915 30 2 1224979098644774916 0 1073741855 2 1224979098644774916 378 1073741855 2 1224979098644774916 388 31 2 1224979098644774916 554 372 1 80 2133 2 1224979098644774914 0 3 0 3 0 0 
24 0 288 0 25 2133 2 1224979098644774912 0 6 3 1224979098644774913 21 201 521 3 1224979098644774914 1224979098644774913 7 31 2 1224979098644774914 0 2133 2 1224979098644774912 1 3 0 31 2 1224979098644774912 1 4 0 31 2 144115188075856343 1 2133 2 72057594037927936 144115188075856340 1106 1 1585267068834415505 3 0 2133 2 1224979098644774915 0 4 0 31 2 144115188075856340 0 2133 2 1224979098644774915 1 5 0 2147483679 2 144115188075856340 -1 2147483679 2 144115188075856340 930 2133 2 1224979098644774915 1 3 0 4 0 31 2 1224979098644774915 1 1 4 294 238 0 0 3 0 
24 0 312 0 25 2133 2 1224979098644774912 0 6 3 1224979098644774913 21 91 521 3 1224979098644774914 1224979098644774913 7 31 2 1224979098644774914 0 2133 2 1224979098644774912 1 3 0 31 2 1224979098644774912 1 4 0 31 2 144115188075856343 1 2133 2 72057594037927936 144115188075856341 1106 1 1585267068834415506 3 0 2133 2 1224979098644774915 0 4 0 31 2 144115188075856341 0 2133 2 1224979098644774915 1 5 0 2147483679 2 144115188075856341 -1 2147483679 2 144115188075856341 931 2133 2 1224979098644774915 1 3 0 4 0 31 2 1224979098644774915 1 1 4 294 240 0 0 3 0 
24 0 336 0 25 2133 2 1224979098644774912 0 6 3 1224979098644774913 21 43 521 3 1224979098644774914 1224979098644774913 7 31 2 1224979098644774914 0 2133 2 1224979098644774912 1 3 0 31 2 1224979098644774912 1 4 0 31 2 144115188075856343 1 2133 2 72057594037927936 144115188075856345 1106 1 1585267068834415507 3 0 2133 2 1224979098644774915 0 4 0 31 2 144115188075856345 0 2133 2 1224979098644774915 1 5 0 2147483679 2 144115188075856345 -1 2147483679 2 144115188075856345 932 2133 2 1224979098644774915 1 3 0 4 0 31 2 1224979098644774915 1 1 4 294 242 0 0 3 0 
24 0 100000000.0 1 31 2 0 1 1 1 2 646 1 
0.1 0.5 0 2 37 1 0 31 2 144115188075856462 1 1 2133 2 144115188075856462 0 
