1
1
1
1
1
1
1
1
1
1
1
1
1
1
1
1
1
1
1
1
1
1
1
1
1
1
1
1
1
1
1
1
1
1
1
1
1
1
1
1
1
1
1
1
1
1
1
1
1
1
1
1
1
1
1
1
1
1
1
1
1
1
1
1
1
1
1
1
1
1
1
1
1
1
1
1
1
1
1
1
1
1
1
1
1
1
1
1
1
1
1
1
1
1
1
1
1
1
1
1
-3
-3
-3
-2
-2
-2
-1
-1
-1
-7
-2
-1
-2
-2
-7
-6
0
-1
-3
-5
0
-1
-1
0
0
-1
0
0
-1
-3
-3
-2
-1
-2
-1
-67
-9
-11
0
-152
-11
-2
0
-1
-2
-3
0
-2
0
-22
0
-1
-13
-3
-2
-2
-2
0
0
-3
0
-10
-10
-3
-2
-3
-3
-2
-12
0
-2
-2
-7
-1
-2
-1
-1
-3
-7
-1
0
-4
0
0
0
0
-1
-2
-2
-1
-16
-5
-5
-2
-4
-3
-7
-25
-7
-1
0
-7
-1
-5
-1
0
-1
-1
-3
-7
0
0
0
0
0
0
-14
-3
0
-14
-1
-3
-8
-1
-9
-2
0
0
0
0
-1
-1
-1
0
-4
0
0
0
-26
-6
1
0
-1
-1
-1
-1
-2
0
0
0
0
0
0
0
0
-2
0
0
0
-7
-2
-3
0
-3
-1
-4
-4
-1
-1
-1
-8
0
-1
0
0
-2
0
0
-3
-4
-2
0
-7
0
-15
0
-1
-3
-2
-3
-1
-3
-1
0
0
3
-47
0
1
-1
-3
1
1
-2
-1
-2
-1
-2
-2
-9
-2
-3
-1
-4
-4
-1
-9
-8
-5
-2
-2
-18
-2
-2
-11
0
-1
0
-1
-1
-2
-1
-1
0
-3
2
-1
2
-1
-3
-3
-8
-1
-3
-13
-6
-1
-3
-6
-1
-1
-9
-1
-6
-1
-4
-3
-2
-3
-3
-1
0
-1
0
-2
-2
-1
-1
-6
-2
0
-2
-3
-3
-6
-5
-1
-1
-1
-1
-1
-1
-1
-2
-2
0
-9
-1
-1
-1
-1
-1
-2
-3
0
-3
0
-1
-1
-1
0
-2
0
0
-1
-1
0
0
9
2
13
-12
-2
-4
-2
12
-2
-1
-1
-1
-15
1
1
1
1
-17
-10
-8
-1
-1
-4
-4
-4
-4
-4
0
-2
-6
-2
-2
-2
1
-2
-1
-5
-1
-1
-1
-1
-1
-1
-1
-4
-3
-3
0
-10
-1
-1
-1
-1
-1
-1
-1
-1
-1
-5
0
-22
-3
-3
-3
-3
-3
-1
0
-11
-1
-1
-1
-1
-1
-1
-1
0
-6
-1
-1
-1
-1
-1
-1
0
-10
-17
50
-2
-23
-23
-14
-4
-4
-9
-1
-1
0
0
-4
-4
0
-4
1
-16
-9
-9
-1
-18
-13
-17
-5
-4
0
-1
7
1
4
-4
8
8
8
8
8
8
8
8
8
7
7
7
2
2
2
2
2
2
2
2
2
3
4
3
5
4
4
4
4
4
4
6
6
5
5
4
4
4
4
4
4
4
9
7
10
4
4
4
11
4
4
4
4
4
4
4
4
4
4
4
4
4
12
4
4
4
4
25
0
0
2
4
7
3
7
3
4
0
2
2
4
15
4
7
3
7
3
7
3
7
3
7
3
7
3
7
3
7
3
7
3
4
4
2
2
2
2
8
6
4
3
1
1
1
1
1
40
9
7
4
2
5
2
2
5
5
19
13
14
8
6
5
2
4
3
4
4
4
5
5
7
5
5
5
4
4
2
4
5
4
15
4
4
4
4
4
4
2
3
4
4
3
3
5
2
4
3
3
4
4
3
3
2
4
4
5
3
2
4
4
4
3
3
3
3
3
3
3
4
4
3
3
3
3
3
3
4
4
3
3
3
3
4
4
3
3
3
3
4
4
3
3
3
3
4
4
3
3
16
3
5
4
4
2
3
3
1
2
2
2
2
2
2
2
2
2
13
13
13
13
13
13
13
13
13
2
18
12
4
3
3
3
18
12
4
3
3
3
18
12
4
3
3
3
18
12
4
3
3
3
18
12
4
3
3
3
18
12
4
3
3
3
18
12
4
3
3
3
18
12
4
3
3
3
18
12
4
3
3
3
10
8
8
8
5
5
5
5
3
3
3
3
3
3
3
2
2
2
2
2
2
2
2
2
2
2
2
6
5
5
5
6
2
2
2
6
6
7
5
3
3
3
3
7
7
7
6
4
4
3
3
1
1
3
1
5
-3
-1
-2
0
0
-1
-1
-1
-2
-2
-2
-2
-2
13
13
2
2
2
1
0
0
0
0
-2
-2
-2
-2
-2
-2
0
-2
0
0
0
0
0
0
-2
11
0
-9
-11
0
0
1
-1
-1
-1
-1
5
4
-1
-2
0
2
-1
-1
-1
-5
-3
0
-8
-3
0
-3
-1
-1
-1
-1
0
-1
-1
-1
-2
-1
-2
-3
-1
-1
0
-1
0
0
0
0
0
-1
-1
-1
-2
0
0
-4
-1
0
0
-4
-2
-3
-3
2
-1
-1
0
-1
-1
-3
-7
0
0
-1
0
0
0
-1
-1
0
-1
-1
-1
0
0
0
1
0
-1
1
1
0
-1
-1
-1
-1
-1
-1
-1
-1
0
-7
-5
0
-2
-23
-10
-1
-3
-4
-4
-3
-16
-8
-2
-2
-8
-2
-2
-2
0
-2
-6
0
-1
0
0
0
-3
-2
-1
-2
0
-2
0
1
-11
-5
-4
-2
-1
-2
0
-2
-10
-3
-2
-8
-1
0
-4
-9
0
-1
-5
6
10
6
8
3
9
9
29
29
28
29
29
28
12
5
12
5
12
5
12
5
12
5
12
5
7
3
7
3
3
3
7
3
8
13
5
4
3
4
2
2
-4
-3
-1
0
-1
-4
0
-4
0
0
0
-1
0
-2
-1
-1
0
-3
-1
0
0
0
1
0
1
-3
-3
1
-5
-5
1
7
7
7
7
7
7
9
-1
-2
-3
1
-1
-7
-1
-1
0
0
0
0
-2
-2
-1
-6
-6
-5
-2
-3
0
-1
-2
-2
5
4
1
2
0
-2
-5
-2
-1
0
2
0
-6
-1
-1
-1
0
4
-2
-4
6
2
1
-1
-1
0
1
-1
-2
0
-1
-24
-24
-24
-24
-36
-36
-36
-48
-48
-48
-24
-36
-36
-36
-12
