14
5
13
8
6
4
3
3
11
17
15
12
13
13
41
26
9
44
7
22
3896
23
691
187
72
79
207
14
3
31
57
19
16
4
8
6
7
4
5
4
15
76
433
16
3
15
64
33
4
8
25
25
22
35
25
11
19
31
15
17
70
3
8
180
11
16
23
94
126
3
4
9
7
5
9
36
10
3
42
40
6
14
16
4
97
31
18
17
72
267
12
8
6
12
3
3
19
33
57
14
5
6
5
13
5
31
9
5
11
13
36
19
8
24
6
12
39
4
7
9
7
7
7
3
4
24
5
6
25
33
9
17
54
6
76
7
7
12
11
9
2
4
8
33
4
10
5
10
4
343
12
5
31
33
21
21
21
24
12
3
66
6
6
33
8
44
9
5
11
11
11
11
19
8
18
5
9
19
29
13
427
9
10
3
6
4
4
4
31
11
5
9
3
11
7
7
7
7
7
62
3
3
7
18
7
8
3
14
4
7
7
9
8
8
46
41
7
4
3
3
5
6
5
5
8
20
21
9
5
3
10
3
87
5
10
8
5
8
21
1193
42
8
502
4
3
49
6
95
26
15
21
15
9
36
11
6
39
29
16
5
32
14
27
23
8
4
100
66
16
15
17
67
101
10
6
10
18
7
5
3
43
3
18
4
3
3
3
8
3
3
3
12
16
15
22
41
17
27
6
8
13
4
24
16
4
28
4
6
10
13
8
6
3
2
6
3
11
5
4
6
23
11
3
7
17
24
19
6
4
15
5
9
9
3
11
9
5
42
10
10
10
10
10
10
10
5
20
6
16
3
4
4
12
9
1314
3
3
24
3
2
5
16
3
14
49
11
98
5
1071
7
2
4
5
10
6
7
6
7
3
4
144
64
64
64
112
112
96
96
160
160
96
96
240
240
112
224
224
112
48
34
2
2
2
2
54
39
17
4
4
57
25
57
18
4
5
25
8
19
23
6
15
4
36
16
15
7
6
2
3
7
21
38
35
17
20
25
13
11
5
20
4
4
4
4
4
4
15
8
1
35
4
4
4
4
4
4
4
4
4
16
1
71
8
8
8
8
8
4
1
38
4
4
4
4
4
4
4
1
23
4
4
4
4
4
4
1
24
417
32
18
56
40
7
7
44
4
4
5
5
7
7
3
13
23
89
77
26
10
87
28
22
25
9
2
3
4
18
6
19
6
32
22
12
15
3
7
7
7
7
7
7
7
7
7
7
6
6
6
1
1
1
1
1
1
1
1
1
2
3
2
4
13
9
6
7
2
8
8
28
28
27
28
28
27
6
6
6
6
6
6
11
4
11
9
11
4
11
7
11
8
11
8
6
5
6
2
6
2
5
5
7
5
8
13
1
8
3
3
3
3
3
3
5
5
4
4
3
3
3
3
3
3
3
8
6
9
3
3
3
10
3
3
3
3
3
3
3
3
3
3
3
3
3
11
3
3
3
3
3
42
3
3
1
2
3
3
6
2
6
2
3
2
1
1
3
14
6
6
6
6
6
6
6
6
6
3
3
7
1
1
1
1
5
2
2
2
2
2
2
2
2
2
5
4
4
1
1
1
1
1
39
23
6
3
1
4
1
1
4
4
18
12
13
7
5
4
1
3
2
3
3
3
4
4
6
4
4
4
3
3
4
3
3
3
1
14
3
3
3
3
3
3
1
2
3
3
2
2
4
1
3
2
2
3
3
2
2
1
3
3
1
1
4
2
7
3
3
3
2
2
2
2
2
2
2
3
3
2
2
2
2
2
2
3
3
2
2
2
2
3
3
2
2
2
2
3
3
2
2
2
2
3
3
2
2
16
2
4
3
3
1
2
2
2
5
5
5
5
5
5
5
5
5
19
19
19
19
19
19
19
19
19
18
18
18
18
18
18
18
18
18
1
13
4
4
4
4
13
4
4
4
4
13
4
4
4
4
13
4
4
4
4
13
4
4
4
4
13
4
4
4
4
13
4
4
4
4
13
4
4
4
4
13
4
4
4
4
9
7
7
7
4
4
4
4
2
2
2
2
2
2
2
5
5
3
5
5
5
3
5
5
5
3
5
5
5
6
5
5
4
4
4
5
5
6
4
2
2
2
2
6
6
6
5
3
3
2
2
11
2
10
3
1
5
1
15
3
3
2
3
6
3
6
20
6
1
1
1
2
57
19
33
34
1
1
12
6
18
18
37
37
25
7
3
5
5
5
5
3
34
9
16
4
4
5
13
11
14
1
1
38
307
71
8
22
4
9
1
1
14
16
9
12
18
0
58
52
7
4
4
1
16
1
1
1
1
1
3
7
1
6
2
5
10
1
1
12
1
1
2
8
43
2
3
3
4
5
6
1
3
3
6
2
2
2
2
30
24
5
6
6
6
2
10
6
8
2
4
6
1
4
2
2
23
3
2
3
1
3
1
1
1
2
8
7
20
40
2
5
38
4
8
2
4
1
3
1
1
24
1
1
2
58
2
8
2
3
3
218
72
1
1
5
3
4
3
4
3
3
2
3
20
24
24
18
6
6
6
6
3
0
0
0
0
0
0
0
0
0
0
0
0
0
0
0
0
0
0
0
0
0
0
0
0
0
0
0
0
0
0
0
0
0
0
0
0
0
0
0
0
0
0
0
0
0
0
0
0
0
0
0
0
0
0
0
0
0
0
0
0
0
0
0
0
0
0
0
0
0
0
0
0
0
0
0
0
0
0
0
0
0
0
0
0
0
0
0
0
0
0
0
8
8
8
8
16
8
0
0
0
0
2
2
6
4
4
0
0
0
0
0
0
0
0
0
0
0
0
0
0
0
0
0
0
0
0
0
0
0
0
0
0
0
0
0
0
0
0
0
0
0
0
0
0
0
0
0
0
0
0
0
0
0
0
0
0
0
0
0
0
0
0
0
0
0
0
0
0
0
0
0
0
0
0
0
0
0
0
0
0
0
0
0
0
0
0
0
0
0
0
0
0
0
0
0
0
0
0
0
0
0
0
0
0
0
0
0
0
0
0
0
0
0
0
0
0
0
0
0
0
0
0
0
0
0
0
0
0
0
0
0
0
0
0
0
0
0
0
0
0
0
0
0
0
0
0
0
0
0
0
0
0
0
0
0
0
0
0
0
0
0
0
0
0
0
0
0
0
0
0
0
0
0
0
0
0
0
0
0
0
0
0
0
0
0
0
0
0
0
0
0
0
0
0
0
0
0
0
0
0
0
0
0
0
0
0
0
0
0
0
0
0
0
0
0
0
0
0
0
0
0
0
0
0
0
0
0
0
0
0
0
0
0
0
0
0
0
0
0
0
0
0
0
0
0
0
0
0
0
0
0
0
0
0
0
0
0
0
0
0
0
0
0
0
0
0
0
0
0
0
0
0
0
0
0
0
0
0
0
0
0
0
0
0
0
0
0
0
0
0
0
0
0
0
0
0
0
0
0
0
0
0
0
0
0
0
0
0
0
0
0
0
0
0
0
0
0
0
0
0
0
0
0
0
0
0
0
0
0
0
0
0
0
0
0
0
0
0
0
0
0
0
0
0
0
0
0
0
0
0
0
0
0
0
0
0
0
0
0
0
0
0
0
0
0
0
0
0
0
0
0
0
0
0
0
0
0
0
0
0
0
0
0
0
0
0
0
0
0
0
0
0
0
0
0
0
0
0
0
0
0
0
0
0
0
0
0
0
0
0
0
0
0
0
0
0
0
0
0
0
0
0
0
0
0
0
0
0
0
0
0
0
0
0
0
0
0
0
0
0
0
0
0
0
0
0
0
0
0
0
0
0
0
0
0
0
0
0
0
0
0
0
0
0
0
0
0
0
0
0
0
0
0
0
0
0
0
0
0
0
0
0
0
0
0
0
0
0
0
0
0
0
0
0
0
0
0
0
0
0
0
0
0
